
THE FOLLOWING IS THE WEIGHT CHANGE AND THE MEAN SQUARE ERROR
------------------------------------------------------------


	 0.115	 0.066	 0.189	 0.101	
	 0.115	 0.066	 0.189	 0.101	
	 0.115	 0.066	 0.189	 0.101	
	 0.115	 0.066	 0.189	 0.101	
	 0.115	 0.066	 0.189	 0.101	
    1	      MEANSQUARE ERROR = 0.0024


	 0.113	 0.065	 0.187	 0.103	
	 0.113	 0.065	 0.187	 0.103	
	 0.113	 0.065	 0.187	 0.103	
	 0.113	 0.065	 0.187	 0.103	
	 0.113	 0.065	 0.187	 0.103	
    2	      MEANSQUARE ERROR = 0.0022


	 0.111	 0.064	 0.184	 0.105	
	 0.111	 0.064	 0.184	 0.105	
	 0.111	 0.064	 0.184	 0.105	
	 0.111	 0.064	 0.184	 0.105	
	 0.111	 0.064	 0.184	 0.105	
    3	      MEANSQUARE ERROR = 0.0022


	 0.109	 0.063	 0.182	 0.107	
	 0.109	 0.063	 0.182	 0.107	
	 0.109	 0.063	 0.182	 0.107	
	 0.109	 0.063	 0.182	 0.107	
	 0.109	 0.063	 0.182	 0.107	
    4	      MEANSQUARE ERROR = 0.0022


	 0.108	 0.062	 0.180	 0.109	
	 0.108	 0.062	 0.180	 0.109	
	 0.108	 0.062	 0.180	 0.109	
	 0.108	 0.062	 0.180	 0.109	
	 0.108	 0.062	 0.180	 0.109	
    5	      MEANSQUARE ERROR = 0.0022


	 0.106	 0.061	 0.178	 0.110	
	 0.106	 0.061	 0.178	 0.110	
	 0.106	 0.061	 0.178	 0.110	
	 0.106	 0.061	 0.178	 0.110	
	 0.106	 0.061	 0.178	 0.110	
    6	      MEANSQUARE ERROR = 0.0022


	 0.105	 0.060	 0.177	 0.112	
	 0.105	 0.060	 0.177	 0.112	
	 0.105	 0.060	 0.177	 0.112	
	 0.105	 0.060	 0.177	 0.112	
	 0.105	 0.060	 0.177	 0.112	
    7	      MEANSQUARE ERROR = 0.0021


	 0.104	 0.059	 0.175	 0.113	
	 0.104	 0.059	 0.175	 0.113	
	 0.104	 0.059	 0.175	 0.113	
	 0.104	 0.059	 0.175	 0.113	
	 0.104	 0.059	 0.175	 0.113	
    8	      MEANSQUARE ERROR = 0.0021


	 0.102	 0.059	 0.173	 0.115	
	 0.102	 0.059	 0.173	 0.115	
	 0.102	 0.059	 0.173	 0.115	
	 0.102	 0.059	 0.173	 0.115	
	 0.102	 0.059	 0.173	 0.115	
    9	      MEANSQUARE ERROR = 0.0021


	 0.101	 0.058	 0.172	 0.116	
	 0.101	 0.058	 0.172	 0.116	
	 0.101	 0.058	 0.172	 0.116	
	 0.101	 0.058	 0.172	 0.116	
	 0.101	 0.058	 0.172	 0.116	
    10	      MEANSQUARE ERROR = 0.0021


	 0.100	 0.057	 0.170	 0.117	
	 0.100	 0.057	 0.170	 0.117	
	 0.100	 0.057	 0.170	 0.117	
	 0.100	 0.057	 0.170	 0.117	
	 0.100	 0.057	 0.170	 0.117	
    11	      MEANSQUARE ERROR = 0.0021


	 0.099	 0.056	 0.169	 0.118	
	 0.099	 0.056	 0.169	 0.118	
	 0.099	 0.056	 0.169	 0.118	
	 0.099	 0.056	 0.169	 0.118	
	 0.099	 0.056	 0.169	 0.118	
    12	      MEANSQUARE ERROR = 0.0021


	 0.098	 0.056	 0.167	 0.120	
	 0.098	 0.056	 0.167	 0.120	
	 0.098	 0.056	 0.167	 0.120	
	 0.098	 0.056	 0.167	 0.120	
	 0.098	 0.056	 0.167	 0.120	
    13	      MEANSQUARE ERROR = 0.0021


	 0.097	 0.055	 0.166	 0.121	
	 0.097	 0.055	 0.166	 0.121	
	 0.097	 0.055	 0.166	 0.121	
	 0.097	 0.055	 0.166	 0.121	
	 0.097	 0.055	 0.166	 0.121	
    14	      MEANSQUARE ERROR = 0.0021


	 0.096	 0.054	 0.165	 0.122	
	 0.096	 0.054	 0.165	 0.122	
	 0.096	 0.054	 0.165	 0.122	
	 0.096	 0.054	 0.165	 0.122	
	 0.096	 0.054	 0.165	 0.122	
    15	      MEANSQUARE ERROR = 0.0021


	 0.095	 0.054	 0.164	 0.123	
	 0.095	 0.054	 0.164	 0.123	
	 0.095	 0.054	 0.164	 0.123	
	 0.095	 0.054	 0.164	 0.123	
	 0.095	 0.054	 0.164	 0.123	
    16	      MEANSQUARE ERROR = 0.0021


	 0.094	 0.053	 0.162	 0.124	
	 0.094	 0.053	 0.162	 0.124	
	 0.094	 0.053	 0.162	 0.124	
	 0.094	 0.053	 0.162	 0.124	
	 0.094	 0.053	 0.162	 0.124	
    17	      MEANSQUARE ERROR = 0.0021


	 0.093	 0.053	 0.161	 0.125	
	 0.093	 0.053	 0.161	 0.125	
	 0.093	 0.053	 0.161	 0.125	
	 0.093	 0.053	 0.161	 0.125	
	 0.093	 0.053	 0.161	 0.125	
    18	      MEANSQUARE ERROR = 0.0021


	 0.092	 0.052	 0.160	 0.126	
	 0.092	 0.052	 0.160	 0.126	
	 0.092	 0.052	 0.160	 0.126	
	 0.092	 0.052	 0.160	 0.126	
	 0.092	 0.052	 0.160	 0.126	
    19	      MEANSQUARE ERROR = 0.0021


	 0.091	 0.052	 0.159	 0.126	
	 0.091	 0.052	 0.159	 0.126	
	 0.091	 0.052	 0.159	 0.126	
	 0.091	 0.052	 0.159	 0.126	
	 0.091	 0.052	 0.159	 0.126	
    20	      MEANSQUARE ERROR = 0.0021


	 0.090	 0.051	 0.158	 0.127	
	 0.090	 0.051	 0.158	 0.127	
	 0.090	 0.051	 0.158	 0.127	
	 0.090	 0.051	 0.158	 0.127	
	 0.090	 0.051	 0.158	 0.127	
    21	      MEANSQUARE ERROR = 0.0021


	 0.090	 0.051	 0.157	 0.128	
	 0.090	 0.051	 0.157	 0.128	
	 0.090	 0.051	 0.157	 0.128	
	 0.090	 0.051	 0.157	 0.128	
	 0.090	 0.051	 0.157	 0.128	
    22	      MEANSQUARE ERROR = 0.0021


	 0.089	 0.050	 0.156	 0.129	
	 0.089	 0.050	 0.156	 0.129	
	 0.089	 0.050	 0.156	 0.129	
	 0.089	 0.050	 0.156	 0.129	
	 0.089	 0.050	 0.156	 0.129	
    23	      MEANSQUARE ERROR = 0.0021


	 0.088	 0.050	 0.156	 0.130	
	 0.088	 0.050	 0.156	 0.130	
	 0.088	 0.050	 0.156	 0.130	
	 0.088	 0.050	 0.156	 0.130	
	 0.088	 0.050	 0.156	 0.130	
    24	      MEANSQUARE ERROR = 0.0021


	 0.088	 0.050	 0.155	 0.130	
	 0.088	 0.050	 0.155	 0.130	
	 0.088	 0.050	 0.155	 0.130	
	 0.088	 0.050	 0.155	 0.130	
	 0.088	 0.050	 0.155	 0.130	
    25	      MEANSQUARE ERROR = 0.0021


	 0.087	 0.049	 0.154	 0.131	
	 0.087	 0.049	 0.154	 0.131	
	 0.087	 0.049	 0.154	 0.131	
	 0.087	 0.049	 0.154	 0.131	
	 0.087	 0.049	 0.154	 0.131	
    26	      MEANSQUARE ERROR = 0.0021


	 0.087	 0.049	 0.153	 0.131	
	 0.087	 0.049	 0.153	 0.131	
	 0.087	 0.049	 0.153	 0.131	
	 0.087	 0.049	 0.153	 0.131	
	 0.087	 0.049	 0.153	 0.131	
    27	      MEANSQUARE ERROR = 0.0021


	 0.086	 0.048	 0.153	 0.132	
	 0.086	 0.048	 0.153	 0.132	
	 0.086	 0.048	 0.153	 0.132	
	 0.086	 0.048	 0.153	 0.132	
	 0.086	 0.048	 0.153	 0.132	
    28	      MEANSQUARE ERROR = 0.0021


	 0.085	 0.048	 0.152	 0.133	
	 0.085	 0.048	 0.152	 0.133	
	 0.085	 0.048	 0.152	 0.133	
	 0.085	 0.048	 0.152	 0.133	
	 0.085	 0.048	 0.152	 0.133	
    29	      MEANSQUARE ERROR = 0.0021


	 0.085	 0.048	 0.151	 0.133	
	 0.085	 0.048	 0.151	 0.133	
	 0.085	 0.048	 0.151	 0.133	
	 0.085	 0.048	 0.151	 0.133	
	 0.085	 0.048	 0.151	 0.133	
    30	      MEANSQUARE ERROR = 0.0021


	 0.084	 0.048	 0.151	 0.134	
	 0.084	 0.048	 0.151	 0.134	
	 0.084	 0.048	 0.151	 0.134	
	 0.084	 0.048	 0.151	 0.134	
	 0.084	 0.048	 0.151	 0.134	
    31	      MEANSQUARE ERROR = 0.0021


	 0.084	 0.047	 0.150	 0.134	
	 0.084	 0.047	 0.150	 0.134	
	 0.084	 0.047	 0.150	 0.134	
	 0.084	 0.047	 0.150	 0.134	
	 0.084	 0.047	 0.150	 0.134	
    32	      MEANSQUARE ERROR = 0.0021


	 0.083	 0.047	 0.149	 0.135	
	 0.083	 0.047	 0.149	 0.135	
	 0.083	 0.047	 0.149	 0.135	
	 0.083	 0.047	 0.149	 0.135	
	 0.083	 0.047	 0.149	 0.135	
    33	      MEANSQUARE ERROR = 0.0020


	 0.083	 0.047	 0.149	 0.135	
	 0.083	 0.047	 0.149	 0.135	
	 0.083	 0.047	 0.149	 0.135	
	 0.083	 0.047	 0.149	 0.135	
	 0.083	 0.047	 0.149	 0.135	
    34	      MEANSQUARE ERROR = 0.0020


	 0.083	 0.046	 0.148	 0.136	
	 0.083	 0.046	 0.148	 0.136	
	 0.083	 0.046	 0.148	 0.136	
	 0.083	 0.046	 0.148	 0.136	
	 0.083	 0.046	 0.148	 0.136	
    35	      MEANSQUARE ERROR = 0.0020


	 0.082	 0.046	 0.148	 0.136	
	 0.082	 0.046	 0.148	 0.136	
	 0.082	 0.046	 0.148	 0.136	
	 0.082	 0.046	 0.148	 0.136	
	 0.082	 0.046	 0.148	 0.136	
    36	      MEANSQUARE ERROR = 0.0020


	 0.082	 0.046	 0.147	 0.136	
	 0.082	 0.046	 0.147	 0.136	
	 0.082	 0.046	 0.147	 0.136	
	 0.082	 0.046	 0.147	 0.136	
	 0.082	 0.046	 0.147	 0.136	
    37	      MEANSQUARE ERROR = 0.0020


	 0.081	 0.046	 0.147	 0.137	
	 0.081	 0.046	 0.147	 0.137	
	 0.081	 0.046	 0.147	 0.137	
	 0.081	 0.046	 0.147	 0.137	
	 0.081	 0.046	 0.147	 0.137	
    38	      MEANSQUARE ERROR = 0.0020


	 0.081	 0.045	 0.147	 0.137	
	 0.081	 0.045	 0.147	 0.137	
	 0.081	 0.045	 0.147	 0.137	
	 0.081	 0.045	 0.147	 0.137	
	 0.081	 0.045	 0.147	 0.137	
    39	      MEANSQUARE ERROR = 0.0020


	 0.081	 0.045	 0.146	 0.138	
	 0.081	 0.045	 0.146	 0.138	
	 0.081	 0.045	 0.146	 0.138	
	 0.081	 0.045	 0.146	 0.138	
	 0.081	 0.045	 0.146	 0.138	
    40	      MEANSQUARE ERROR = 0.0020


	 0.080	 0.045	 0.146	 0.138	
	 0.080	 0.045	 0.146	 0.138	
	 0.080	 0.045	 0.146	 0.138	
	 0.080	 0.045	 0.146	 0.138	
	 0.080	 0.045	 0.146	 0.138	
    41	      MEANSQUARE ERROR = 0.0020


	 0.080	 0.045	 0.145	 0.138	
	 0.080	 0.045	 0.145	 0.138	
	 0.080	 0.045	 0.145	 0.138	
	 0.080	 0.045	 0.145	 0.138	
	 0.080	 0.045	 0.145	 0.138	
    42	      MEANSQUARE ERROR = 0.0020


	 0.080	 0.045	 0.145	 0.139	
	 0.080	 0.045	 0.145	 0.139	
	 0.080	 0.045	 0.145	 0.139	
	 0.080	 0.045	 0.145	 0.139	
	 0.080	 0.045	 0.145	 0.139	
    43	      MEANSQUARE ERROR = 0.0020


	 0.080	 0.045	 0.145	 0.139	
	 0.080	 0.045	 0.145	 0.139	
	 0.080	 0.045	 0.145	 0.139	
	 0.080	 0.045	 0.145	 0.139	
	 0.080	 0.045	 0.145	 0.139	
    44	      MEANSQUARE ERROR = 0.0020


	 0.079	 0.044	 0.144	 0.139	
	 0.079	 0.044	 0.144	 0.139	
	 0.079	 0.044	 0.144	 0.139	
	 0.079	 0.044	 0.144	 0.139	
	 0.079	 0.044	 0.144	 0.139	
    45	      MEANSQUARE ERROR = 0.0020


	 0.079	 0.044	 0.144	 0.139	
	 0.079	 0.044	 0.144	 0.139	
	 0.079	 0.044	 0.144	 0.139	
	 0.079	 0.044	 0.144	 0.139	
	 0.079	 0.044	 0.144	 0.139	
    46	      MEANSQUARE ERROR = 0.0020


	 0.079	 0.044	 0.144	 0.140	
	 0.079	 0.044	 0.144	 0.140	
	 0.079	 0.044	 0.144	 0.140	
	 0.079	 0.044	 0.144	 0.140	
	 0.079	 0.044	 0.144	 0.140	
    47	      MEANSQUARE ERROR = 0.0020


	 0.079	 0.044	 0.143	 0.140	
	 0.079	 0.044	 0.143	 0.140	
	 0.079	 0.044	 0.143	 0.140	
	 0.079	 0.044	 0.143	 0.140	
	 0.079	 0.044	 0.143	 0.140	
    48	      MEANSQUARE ERROR = 0.0020


	 0.078	 0.044	 0.143	 0.140	
	 0.078	 0.044	 0.143	 0.140	
	 0.078	 0.044	 0.143	 0.140	
	 0.078	 0.044	 0.143	 0.140	
	 0.078	 0.044	 0.143	 0.140	
    49	      MEANSQUARE ERROR = 0.0020


	 0.078	 0.044	 0.143	 0.140	
	 0.078	 0.044	 0.143	 0.140	
	 0.078	 0.044	 0.143	 0.140	
	 0.078	 0.044	 0.143	 0.140	
	 0.078	 0.044	 0.143	 0.140	
    50	      MEANSQUARE ERROR = 0.0020


	 0.078	 0.043	 0.142	 0.141	
	 0.078	 0.043	 0.142	 0.141	
	 0.078	 0.043	 0.142	 0.141	
	 0.078	 0.043	 0.142	 0.141	
	 0.078	 0.043	 0.142	 0.141	
    51	      MEANSQUARE ERROR = 0.0020


	 0.078	 0.043	 0.142	 0.141	
	 0.078	 0.043	 0.142	 0.141	
	 0.078	 0.043	 0.142	 0.141	
	 0.078	 0.043	 0.142	 0.141	
	 0.078	 0.043	 0.142	 0.141	
    52	      MEANSQUARE ERROR = 0.0020


	 0.077	 0.043	 0.142	 0.141	
	 0.077	 0.043	 0.142	 0.141	
	 0.077	 0.043	 0.142	 0.141	
	 0.077	 0.043	 0.142	 0.141	
	 0.077	 0.043	 0.142	 0.141	
    53	      MEANSQUARE ERROR = 0.0020


	 0.077	 0.043	 0.142	 0.141	
	 0.077	 0.043	 0.142	 0.141	
	 0.077	 0.043	 0.142	 0.141	
	 0.077	 0.043	 0.142	 0.141	
	 0.077	 0.043	 0.142	 0.141	
    54	      MEANSQUARE ERROR = 0.0020


	 0.077	 0.043	 0.141	 0.142	
	 0.077	 0.043	 0.141	 0.142	
	 0.077	 0.043	 0.141	 0.142	
	 0.077	 0.043	 0.141	 0.142	
	 0.077	 0.043	 0.141	 0.142	
    55	      MEANSQUARE ERROR = 0.0020


	 0.077	 0.043	 0.141	 0.142	
	 0.077	 0.043	 0.141	 0.142	
	 0.077	 0.043	 0.141	 0.142	
	 0.077	 0.043	 0.141	 0.142	
	 0.077	 0.043	 0.141	 0.142	
    56	      MEANSQUARE ERROR = 0.0020


	 0.077	 0.043	 0.141	 0.142	
	 0.077	 0.043	 0.141	 0.142	
	 0.077	 0.043	 0.141	 0.142	
	 0.077	 0.043	 0.141	 0.142	
	 0.077	 0.043	 0.141	 0.142	
    57	      MEANSQUARE ERROR = 0.0020


	 0.077	 0.043	 0.141	 0.142	
	 0.077	 0.043	 0.141	 0.142	
	 0.077	 0.043	 0.141	 0.142	
	 0.077	 0.043	 0.141	 0.142	
	 0.077	 0.043	 0.141	 0.142	
    58	      MEANSQUARE ERROR = 0.0020


	 0.076	 0.043	 0.141	 0.142	
	 0.076	 0.043	 0.141	 0.142	
	 0.076	 0.043	 0.141	 0.142	
	 0.076	 0.043	 0.141	 0.142	
	 0.076	 0.043	 0.141	 0.142	
    59	      MEANSQUARE ERROR = 0.0020


	 0.076	 0.042	 0.140	 0.142	
	 0.076	 0.042	 0.140	 0.142	
	 0.076	 0.042	 0.140	 0.142	
	 0.076	 0.042	 0.140	 0.142	
	 0.076	 0.042	 0.140	 0.142	
    60	      MEANSQUARE ERROR = 0.0020


	 0.076	 0.042	 0.140	 0.143	
	 0.076	 0.042	 0.140	 0.143	
	 0.076	 0.042	 0.140	 0.143	
	 0.076	 0.042	 0.140	 0.143	
	 0.076	 0.042	 0.140	 0.143	
    61	      MEANSQUARE ERROR = 0.0020


	 0.076	 0.042	 0.140	 0.143	
	 0.076	 0.042	 0.140	 0.143	
	 0.076	 0.042	 0.140	 0.143	
	 0.076	 0.042	 0.140	 0.143	
	 0.076	 0.042	 0.140	 0.143	
    62	      MEANSQUARE ERROR = 0.0020


	 0.076	 0.042	 0.140	 0.143	
	 0.076	 0.042	 0.140	 0.143	
	 0.076	 0.042	 0.140	 0.143	
	 0.076	 0.042	 0.140	 0.143	
	 0.076	 0.042	 0.140	 0.143	
    63	      MEANSQUARE ERROR = 0.0020


	 0.076	 0.042	 0.140	 0.143	
	 0.076	 0.042	 0.140	 0.143	
	 0.076	 0.042	 0.140	 0.143	
	 0.076	 0.042	 0.140	 0.143	
	 0.076	 0.042	 0.140	 0.143	
    64	      MEANSQUARE ERROR = 0.0020


	 0.076	 0.042	 0.140	 0.143	
	 0.076	 0.042	 0.140	 0.143	
	 0.076	 0.042	 0.140	 0.143	
	 0.076	 0.042	 0.140	 0.143	
	 0.076	 0.042	 0.140	 0.143	
    65	      MEANSQUARE ERROR = 0.0020


	 0.076	 0.042	 0.139	 0.143	
	 0.076	 0.042	 0.139	 0.143	
	 0.076	 0.042	 0.139	 0.143	
	 0.076	 0.042	 0.139	 0.143	
	 0.076	 0.042	 0.139	 0.143	
    66	      MEANSQUARE ERROR = 0.0020


	 0.075	 0.042	 0.139	 0.143	
	 0.075	 0.042	 0.139	 0.143	
	 0.075	 0.042	 0.139	 0.143	
	 0.075	 0.042	 0.139	 0.143	
	 0.075	 0.042	 0.139	 0.143	
    67	      MEANSQUARE ERROR = 0.0020


	 0.075	 0.042	 0.139	 0.143	
	 0.075	 0.042	 0.139	 0.143	
	 0.075	 0.042	 0.139	 0.143	
	 0.075	 0.042	 0.139	 0.143	
	 0.075	 0.042	 0.139	 0.143	
    68	      MEANSQUARE ERROR = 0.0020


	 0.075	 0.042	 0.139	 0.144	
	 0.075	 0.042	 0.139	 0.144	
	 0.075	 0.042	 0.139	 0.144	
	 0.075	 0.042	 0.139	 0.144	
	 0.075	 0.042	 0.139	 0.144	
    69	      MEANSQUARE ERROR = 0.0020


	 0.075	 0.042	 0.139	 0.144	
	 0.075	 0.042	 0.139	 0.144	
	 0.075	 0.042	 0.139	 0.144	
	 0.075	 0.042	 0.139	 0.144	
	 0.075	 0.042	 0.139	 0.144	
    70	      MEANSQUARE ERROR = 0.0020


	 0.075	 0.042	 0.139	 0.144	
	 0.075	 0.042	 0.139	 0.144	
	 0.075	 0.042	 0.139	 0.144	
	 0.075	 0.042	 0.139	 0.144	
	 0.075	 0.042	 0.139	 0.144	
    71	      MEANSQUARE ERROR = 0.0020


	 0.075	 0.042	 0.139	 0.144	
	 0.075	 0.042	 0.139	 0.144	
	 0.075	 0.042	 0.139	 0.144	
	 0.075	 0.042	 0.139	 0.144	
	 0.075	 0.042	 0.139	 0.144	
    72	      MEANSQUARE ERROR = 0.0020


	 0.075	 0.042	 0.139	 0.144	
	 0.075	 0.042	 0.139	 0.144	
	 0.075	 0.042	 0.139	 0.144	
	 0.075	 0.042	 0.139	 0.144	
	 0.075	 0.042	 0.139	 0.144	
    73	      MEANSQUARE ERROR = 0.0020


	 0.075	 0.042	 0.138	 0.144	
	 0.075	 0.042	 0.138	 0.144	
	 0.075	 0.042	 0.138	 0.144	
	 0.075	 0.042	 0.138	 0.144	
	 0.075	 0.042	 0.138	 0.144	
    74	      MEANSQUARE ERROR = 0.0020


	 0.075	 0.041	 0.138	 0.144	
	 0.075	 0.041	 0.138	 0.144	
	 0.075	 0.041	 0.138	 0.144	
	 0.075	 0.041	 0.138	 0.144	
	 0.075	 0.041	 0.138	 0.144	
    75	      MEANSQUARE ERROR = 0.0020


	 0.075	 0.041	 0.138	 0.144	
	 0.075	 0.041	 0.138	 0.144	
	 0.075	 0.041	 0.138	 0.144	
	 0.075	 0.041	 0.138	 0.144	
	 0.075	 0.041	 0.138	 0.144	
    76	      MEANSQUARE ERROR = 0.0020


	 0.075	 0.041	 0.138	 0.144	
	 0.075	 0.041	 0.138	 0.144	
	 0.075	 0.041	 0.138	 0.144	
	 0.075	 0.041	 0.138	 0.144	
	 0.075	 0.041	 0.138	 0.144	
    77	      MEANSQUARE ERROR = 0.0020


	 0.074	 0.041	 0.138	 0.144	
	 0.074	 0.041	 0.138	 0.144	
	 0.074	 0.041	 0.138	 0.144	
	 0.074	 0.041	 0.138	 0.144	
	 0.074	 0.041	 0.138	 0.144	
    78	      MEANSQUARE ERROR = 0.0020


	 0.074	 0.041	 0.138	 0.144	
	 0.074	 0.041	 0.138	 0.144	
	 0.074	 0.041	 0.138	 0.144	
	 0.074	 0.041	 0.138	 0.144	
	 0.074	 0.041	 0.138	 0.144	
    79	      MEANSQUARE ERROR = 0.0020


	 0.074	 0.041	 0.138	 0.145	
	 0.074	 0.041	 0.138	 0.145	
	 0.074	 0.041	 0.138	 0.145	
	 0.074	 0.041	 0.138	 0.145	
	 0.074	 0.041	 0.138	 0.145	
    80	      MEANSQUARE ERROR = 0.0020


	 0.074	 0.041	 0.138	 0.145	
	 0.074	 0.041	 0.138	 0.145	
	 0.074	 0.041	 0.138	 0.145	
	 0.074	 0.041	 0.138	 0.145	
	 0.074	 0.041	 0.138	 0.145	
    81	      MEANSQUARE ERROR = 0.0020


	 0.074	 0.041	 0.138	 0.145	
	 0.074	 0.041	 0.138	 0.145	
	 0.074	 0.041	 0.138	 0.145	
	 0.074	 0.041	 0.138	 0.145	
	 0.074	 0.041	 0.138	 0.145	
    82	      MEANSQUARE ERROR = 0.0020


	 0.074	 0.041	 0.138	 0.145	
	 0.074	 0.041	 0.138	 0.145	
	 0.074	 0.041	 0.138	 0.145	
	 0.074	 0.041	 0.138	 0.145	
	 0.074	 0.041	 0.138	 0.145	
    83	      MEANSQUARE ERROR = 0.0020


	 0.074	 0.041	 0.138	 0.145	
	 0.074	 0.041	 0.138	 0.145	
	 0.074	 0.041	 0.138	 0.145	
	 0.074	 0.041	 0.138	 0.145	
	 0.074	 0.041	 0.138	 0.145	
    84	      MEANSQUARE ERROR = 0.0020


	 0.074	 0.041	 0.138	 0.145	
	 0.074	 0.041	 0.138	 0.145	
	 0.074	 0.041	 0.138	 0.145	
	 0.074	 0.041	 0.138	 0.145	
	 0.074	 0.041	 0.138	 0.145	
    85	      MEANSQUARE ERROR = 0.0020


	 0.074	 0.041	 0.137	 0.145	
	 0.074	 0.041	 0.137	 0.145	
	 0.074	 0.041	 0.137	 0.145	
	 0.074	 0.041	 0.137	 0.145	
	 0.074	 0.041	 0.137	 0.145	
    86	      MEANSQUARE ERROR = 0.0020


	 0.074	 0.041	 0.137	 0.145	
	 0.074	 0.041	 0.137	 0.145	
	 0.074	 0.041	 0.137	 0.145	
	 0.074	 0.041	 0.137	 0.145	
	 0.074	 0.041	 0.137	 0.145	
    87	      MEANSQUARE ERROR = 0.0020


	 0.074	 0.041	 0.137	 0.145	
	 0.074	 0.041	 0.137	 0.145	
	 0.074	 0.041	 0.137	 0.145	
	 0.074	 0.041	 0.137	 0.145	
	 0.074	 0.041	 0.137	 0.145	
    88	      MEANSQUARE ERROR = 0.0020


	 0.074	 0.041	 0.137	 0.145	
	 0.074	 0.041	 0.137	 0.145	
	 0.074	 0.041	 0.137	 0.145	
	 0.074	 0.041	 0.137	 0.145	
	 0.074	 0.041	 0.137	 0.145	
    89	      MEANSQUARE ERROR = 0.0020


	 0.074	 0.041	 0.137	 0.145	
	 0.074	 0.041	 0.137	 0.145	
	 0.074	 0.041	 0.137	 0.145	
	 0.074	 0.041	 0.137	 0.145	
	 0.074	 0.041	 0.137	 0.145	
    90	      MEANSQUARE ERROR = 0.0020


	 0.074	 0.041	 0.137	 0.145	
	 0.074	 0.041	 0.137	 0.145	
	 0.074	 0.041	 0.137	 0.145	
	 0.074	 0.041	 0.137	 0.145	
	 0.074	 0.041	 0.137	 0.145	
    91	      MEANSQUARE ERROR = 0.0020


	 0.074	 0.041	 0.137	 0.145	
	 0.074	 0.041	 0.137	 0.145	
	 0.074	 0.041	 0.137	 0.145	
	 0.074	 0.041	 0.137	 0.145	
	 0.074	 0.041	 0.137	 0.145	
    92	      MEANSQUARE ERROR = 0.0020


	 0.074	 0.041	 0.137	 0.145	
	 0.074	 0.041	 0.137	 0.145	
	 0.074	 0.041	 0.137	 0.145	
	 0.074	 0.041	 0.137	 0.145	
	 0.074	 0.041	 0.137	 0.145	
    93	      MEANSQUARE ERROR = 0.0020


	 0.074	 0.041	 0.137	 0.145	
	 0.074	 0.041	 0.137	 0.145	
	 0.074	 0.041	 0.137	 0.145	
	 0.074	 0.041	 0.137	 0.145	
	 0.074	 0.041	 0.137	 0.145	
    94	      MEANSQUARE ERROR = 0.0020


	 0.074	 0.041	 0.137	 0.145	
	 0.074	 0.041	 0.137	 0.145	
	 0.074	 0.041	 0.137	 0.145	
	 0.074	 0.041	 0.137	 0.145	
	 0.074	 0.041	 0.137	 0.145	
    95	      MEANSQUARE ERROR = 0.0020


	 0.074	 0.041	 0.137	 0.145	
	 0.074	 0.041	 0.137	 0.145	
	 0.074	 0.041	 0.137	 0.145	
	 0.074	 0.041	 0.137	 0.145	
	 0.074	 0.041	 0.137	 0.145	
    96	      MEANSQUARE ERROR = 0.0020


	 0.074	 0.041	 0.137	 0.145	
	 0.074	 0.041	 0.137	 0.145	
	 0.074	 0.041	 0.137	 0.145	
	 0.074	 0.041	 0.137	 0.145	
	 0.074	 0.041	 0.137	 0.145	
    97	      MEANSQUARE ERROR = 0.0020


	 0.073	 0.041	 0.137	 0.145	
	 0.073	 0.041	 0.137	 0.145	
	 0.073	 0.041	 0.137	 0.145	
	 0.073	 0.041	 0.137	 0.145	
	 0.073	 0.041	 0.137	 0.145	
    98	      MEANSQUARE ERROR = 0.0020


	 0.073	 0.041	 0.137	 0.145	
	 0.073	 0.041	 0.137	 0.145	
	 0.073	 0.041	 0.137	 0.145	
	 0.073	 0.041	 0.137	 0.145	
	 0.073	 0.041	 0.137	 0.145	
    99	      MEANSQUARE ERROR = 0.0020


	 0.073	 0.041	 0.137	 0.145	
	 0.073	 0.041	 0.137	 0.145	
	 0.073	 0.041	 0.137	 0.145	
	 0.073	 0.041	 0.137	 0.145	
	 0.073	 0.041	 0.137	 0.145	
    100	      MEANSQUARE ERROR = 0.0020


	 0.073	 0.041	 0.137	 0.146	
	 0.073	 0.041	 0.137	 0.146	
	 0.073	 0.041	 0.137	 0.146	
	 0.073	 0.041	 0.137	 0.146	
	 0.073	 0.041	 0.137	 0.146	
    101	      MEANSQUARE ERROR = 0.0020


	 0.073	 0.041	 0.137	 0.146	
	 0.073	 0.041	 0.137	 0.146	
	 0.073	 0.041	 0.137	 0.146	
	 0.073	 0.041	 0.137	 0.146	
	 0.073	 0.041	 0.137	 0.146	
    102	      MEANSQUARE ERROR = 0.0020


	 0.073	 0.041	 0.137	 0.146	
	 0.073	 0.041	 0.137	 0.146	
	 0.073	 0.041	 0.137	 0.146	
	 0.073	 0.041	 0.137	 0.146	
	 0.073	 0.041	 0.137	 0.146	
    103	      MEANSQUARE ERROR = 0.0020


	 0.073	 0.041	 0.137	 0.146	
	 0.073	 0.041	 0.137	 0.146	
	 0.073	 0.041	 0.137	 0.146	
	 0.073	 0.041	 0.137	 0.146	
	 0.073	 0.041	 0.137	 0.146	
    104	      MEANSQUARE ERROR = 0.0020


	 0.073	 0.041	 0.137	 0.146	
	 0.073	 0.041	 0.137	 0.146	
	 0.073	 0.041	 0.137	 0.146	
	 0.073	 0.041	 0.137	 0.146	
	 0.073	 0.041	 0.137	 0.146	
    105	      MEANSQUARE ERROR = 0.0020


	 0.073	 0.041	 0.137	 0.146	
	 0.073	 0.041	 0.137	 0.146	
	 0.073	 0.041	 0.137	 0.146	
	 0.073	 0.041	 0.137	 0.146	
	 0.073	 0.041	 0.137	 0.146	
    106	      MEANSQUARE ERROR = 0.0020


	 0.073	 0.041	 0.137	 0.146	
	 0.073	 0.041	 0.137	 0.146	
	 0.073	 0.041	 0.137	 0.146	
	 0.073	 0.041	 0.137	 0.146	
	 0.073	 0.041	 0.137	 0.146	
    107	      MEANSQUARE ERROR = 0.0020


	 0.073	 0.041	 0.137	 0.146	
	 0.073	 0.041	 0.137	 0.146	
	 0.073	 0.041	 0.137	 0.146	
	 0.073	 0.041	 0.137	 0.146	
	 0.073	 0.041	 0.137	 0.146	
    108	      MEANSQUARE ERROR = 0.0020


	 0.073	 0.041	 0.137	 0.146	
	 0.073	 0.041	 0.137	 0.146	
	 0.073	 0.041	 0.137	 0.146	
	 0.073	 0.041	 0.137	 0.146	
	 0.073	 0.041	 0.137	 0.146	
    109	      MEANSQUARE ERROR = 0.0020


	 0.073	 0.041	 0.136	 0.146	
	 0.073	 0.041	 0.136	 0.146	
	 0.073	 0.041	 0.136	 0.146	
	 0.073	 0.041	 0.136	 0.146	
	 0.073	 0.041	 0.136	 0.146	
    110	      MEANSQUARE ERROR = 0.0020


	 0.073	 0.041	 0.136	 0.146	
	 0.073	 0.041	 0.136	 0.146	
	 0.073	 0.041	 0.136	 0.146	
	 0.073	 0.041	 0.136	 0.146	
	 0.073	 0.041	 0.136	 0.146	
    111	      MEANSQUARE ERROR = 0.0020


	 0.073	 0.041	 0.136	 0.146	
	 0.073	 0.041	 0.136	 0.146	
	 0.073	 0.041	 0.136	 0.146	
	 0.073	 0.041	 0.136	 0.146	
	 0.073	 0.041	 0.136	 0.146	
    112	      MEANSQUARE ERROR = 0.0020


	 0.073	 0.041	 0.136	 0.146	
	 0.073	 0.041	 0.136	 0.146	
	 0.073	 0.041	 0.136	 0.146	
	 0.073	 0.041	 0.136	 0.146	
	 0.073	 0.041	 0.136	 0.146	
    113	      MEANSQUARE ERROR = 0.0020


	 0.073	 0.041	 0.136	 0.146	
	 0.073	 0.041	 0.136	 0.146	
	 0.073	 0.041	 0.136	 0.146	
	 0.073	 0.041	 0.136	 0.146	
	 0.073	 0.041	 0.136	 0.146	
    114	      MEANSQUARE ERROR = 0.0020


	 0.073	 0.041	 0.136	 0.146	
	 0.073	 0.041	 0.136	 0.146	
	 0.073	 0.041	 0.136	 0.146	
	 0.073	 0.041	 0.136	 0.146	
	 0.073	 0.041	 0.136	 0.146	
    115	      MEANSQUARE ERROR = 0.0020


	 0.073	 0.040	 0.136	 0.146	
	 0.073	 0.040	 0.136	 0.146	
	 0.073	 0.040	 0.136	 0.146	
	 0.073	 0.040	 0.136	 0.146	
	 0.073	 0.040	 0.136	 0.146	
    116	      MEANSQUARE ERROR = 0.0020


	 0.073	 0.040	 0.136	 0.146	
	 0.073	 0.040	 0.136	 0.146	
	 0.073	 0.040	 0.136	 0.146	
	 0.073	 0.040	 0.136	 0.146	
	 0.073	 0.040	 0.136	 0.146	
    117	      MEANSQUARE ERROR = 0.0020


	 0.073	 0.040	 0.136	 0.146	
	 0.073	 0.040	 0.136	 0.146	
	 0.073	 0.040	 0.136	 0.146	
	 0.073	 0.040	 0.136	 0.146	
	 0.073	 0.040	 0.136	 0.146	
    118	      MEANSQUARE ERROR = 0.0020


	 0.073	 0.040	 0.136	 0.146	
	 0.073	 0.040	 0.136	 0.146	
	 0.073	 0.040	 0.136	 0.146	
	 0.073	 0.040	 0.136	 0.146	
	 0.073	 0.040	 0.136	 0.146	
    119	      MEANSQUARE ERROR = 0.0020


	 0.073	 0.040	 0.136	 0.146	
	 0.073	 0.040	 0.136	 0.146	
	 0.073	 0.040	 0.136	 0.146	
	 0.073	 0.040	 0.136	 0.146	
	 0.073	 0.040	 0.136	 0.146	
    120	      MEANSQUARE ERROR = 0.0020


	 0.073	 0.040	 0.136	 0.146	
	 0.073	 0.040	 0.136	 0.146	
	 0.073	 0.040	 0.136	 0.146	
	 0.073	 0.040	 0.136	 0.146	
	 0.073	 0.040	 0.136	 0.146	
    121	      MEANSQUARE ERROR = 0.0020


	 0.073	 0.040	 0.136	 0.146	
	 0.073	 0.040	 0.136	 0.146	
	 0.073	 0.040	 0.136	 0.146	
	 0.073	 0.040	 0.136	 0.146	
	 0.073	 0.040	 0.136	 0.146	
    122	      MEANSQUARE ERROR = 0.0020


	 0.073	 0.040	 0.136	 0.146	
	 0.073	 0.040	 0.136	 0.146	
	 0.073	 0.040	 0.136	 0.146	
	 0.073	 0.040	 0.136	 0.146	
	 0.073	 0.040	 0.136	 0.146	
    123	      MEANSQUARE ERROR = 0.0020


	 0.073	 0.040	 0.136	 0.146	
	 0.073	 0.040	 0.136	 0.146	
	 0.073	 0.040	 0.136	 0.146	
	 0.073	 0.040	 0.136	 0.146	
	 0.073	 0.040	 0.136	 0.146	
    124	      MEANSQUARE ERROR = 0.0020


	 0.073	 0.040	 0.136	 0.146	
	 0.073	 0.040	 0.136	 0.146	
	 0.073	 0.040	 0.136	 0.146	
	 0.073	 0.040	 0.136	 0.146	
	 0.073	 0.040	 0.136	 0.146	
    125	      MEANSQUARE ERROR = 0.0020


	 0.073	 0.040	 0.136	 0.146	
	 0.073	 0.040	 0.136	 0.146	
	 0.073	 0.040	 0.136	 0.146	
	 0.073	 0.040	 0.136	 0.146	
	 0.073	 0.040	 0.136	 0.146	
    126	      MEANSQUARE ERROR = 0.0020


	 0.073	 0.040	 0.136	 0.146	
	 0.073	 0.040	 0.136	 0.146	
	 0.073	 0.040	 0.136	 0.146	
	 0.073	 0.040	 0.136	 0.146	
	 0.073	 0.040	 0.136	 0.146	
    127	      MEANSQUARE ERROR = 0.0020


	 0.073	 0.040	 0.136	 0.146	
	 0.073	 0.040	 0.136	 0.146	
	 0.073	 0.040	 0.136	 0.146	
	 0.073	 0.040	 0.136	 0.146	
	 0.073	 0.040	 0.136	 0.146	
    128	      MEANSQUARE ERROR = 0.0020


	 0.073	 0.040	 0.136	 0.146	
	 0.073	 0.040	 0.136	 0.146	
	 0.073	 0.040	 0.136	 0.146	
	 0.073	 0.040	 0.136	 0.146	
	 0.073	 0.040	 0.136	 0.146	
    129	      MEANSQUARE ERROR = 0.0020


	 0.073	 0.040	 0.136	 0.146	
	 0.073	 0.040	 0.136	 0.146	
	 0.073	 0.040	 0.136	 0.146	
	 0.073	 0.040	 0.136	 0.146	
	 0.073	 0.040	 0.136	 0.146	
    130	      MEANSQUARE ERROR = 0.0020


	 0.073	 0.040	 0.136	 0.146	
	 0.073	 0.040	 0.136	 0.146	
	 0.073	 0.040	 0.136	 0.146	
	 0.073	 0.040	 0.136	 0.146	
	 0.073	 0.040	 0.136	 0.146	
    131	      MEANSQUARE ERROR = 0.0020


	 0.073	 0.040	 0.136	 0.146	
	 0.073	 0.040	 0.136	 0.146	
	 0.073	 0.040	 0.136	 0.146	
	 0.073	 0.040	 0.136	 0.146	
	 0.073	 0.040	 0.136	 0.146	
    132	      MEANSQUARE ERROR = 0.0020


	 0.073	 0.040	 0.136	 0.146	
	 0.073	 0.040	 0.136	 0.146	
	 0.073	 0.040	 0.136	 0.146	
	 0.073	 0.040	 0.136	 0.146	
	 0.073	 0.040	 0.136	 0.146	
    133	      MEANSQUARE ERROR = 0.0020


	 0.073	 0.040	 0.136	 0.146	
	 0.073	 0.040	 0.136	 0.146	
	 0.073	 0.040	 0.136	 0.146	
	 0.073	 0.040	 0.136	 0.146	
	 0.073	 0.040	 0.136	 0.146	
    134	      MEANSQUARE ERROR = 0.0020


	 0.073	 0.040	 0.136	 0.146	
	 0.073	 0.040	 0.136	 0.146	
	 0.073	 0.040	 0.136	 0.146	
	 0.073	 0.040	 0.136	 0.146	
	 0.073	 0.040	 0.136	 0.146	
    135	      MEANSQUARE ERROR = 0.0020


	 0.073	 0.040	 0.136	 0.146	
	 0.073	 0.040	 0.136	 0.146	
	 0.073	 0.040	 0.136	 0.146	
	 0.073	 0.040	 0.136	 0.146	
	 0.073	 0.040	 0.136	 0.146	
    136	      MEANSQUARE ERROR = 0.0020


	 0.073	 0.040	 0.136	 0.146	
	 0.073	 0.040	 0.136	 0.146	
	 0.073	 0.040	 0.136	 0.146	
	 0.073	 0.040	 0.136	 0.146	
	 0.073	 0.040	 0.136	 0.146	
    137	      MEANSQUARE ERROR = 0.0020


	 0.073	 0.040	 0.136	 0.146	
	 0.073	 0.040	 0.136	 0.146	
	 0.073	 0.040	 0.136	 0.146	
	 0.073	 0.040	 0.136	 0.146	
	 0.073	 0.040	 0.136	 0.146	
    138	      MEANSQUARE ERROR = 0.0020


	 0.073	 0.040	 0.136	 0.146	
	 0.073	 0.040	 0.136	 0.146	
	 0.073	 0.040	 0.136	 0.146	
	 0.073	 0.040	 0.136	 0.146	
	 0.073	 0.040	 0.136	 0.146	
    139	      MEANSQUARE ERROR = 0.0020


	 0.073	 0.040	 0.136	 0.146	
	 0.073	 0.040	 0.136	 0.146	
	 0.073	 0.040	 0.136	 0.146	
	 0.073	 0.040	 0.136	 0.146	
	 0.073	 0.040	 0.136	 0.146	
    140	      MEANSQUARE ERROR = 0.0020


	 0.073	 0.040	 0.136	 0.146	
	 0.073	 0.040	 0.136	 0.146	
	 0.073	 0.040	 0.136	 0.146	
	 0.073	 0.040	 0.136	 0.146	
	 0.073	 0.040	 0.136	 0.146	
    141	      MEANSQUARE ERROR = 0.0020


	 0.073	 0.040	 0.136	 0.146	
	 0.073	 0.040	 0.136	 0.146	
	 0.073	 0.040	 0.136	 0.146	
	 0.073	 0.040	 0.136	 0.146	
	 0.073	 0.040	 0.136	 0.146	
    142	      MEANSQUARE ERROR = 0.0020


	 0.073	 0.040	 0.136	 0.146	
	 0.073	 0.040	 0.136	 0.146	
	 0.073	 0.040	 0.136	 0.146	
	 0.073	 0.040	 0.136	 0.146	
	 0.073	 0.040	 0.136	 0.146	
    143	      MEANSQUARE ERROR = 0.0020


	 0.073	 0.040	 0.136	 0.146	
	 0.073	 0.040	 0.136	 0.146	
	 0.073	 0.040	 0.136	 0.146	
	 0.073	 0.040	 0.136	 0.146	
	 0.073	 0.040	 0.136	 0.146	
    144	      MEANSQUARE ERROR = 0.0020


	 0.073	 0.040	 0.136	 0.146	
	 0.073	 0.040	 0.136	 0.146	
	 0.073	 0.040	 0.136	 0.146	
	 0.073	 0.040	 0.136	 0.146	
	 0.073	 0.040	 0.136	 0.146	
    145	      MEANSQUARE ERROR = 0.0020


	 0.073	 0.040	 0.136	 0.146	
	 0.073	 0.040	 0.136	 0.146	
	 0.073	 0.040	 0.136	 0.146	
	 0.073	 0.040	 0.136	 0.146	
	 0.073	 0.040	 0.136	 0.146	
    146	      MEANSQUARE ERROR = 0.0020


	 0.073	 0.040	 0.136	 0.146	
	 0.073	 0.040	 0.136	 0.146	
	 0.073	 0.040	 0.136	 0.146	
	 0.073	 0.040	 0.136	 0.146	
	 0.073	 0.040	 0.136	 0.146	
    147	      MEANSQUARE ERROR = 0.0020


	 0.073	 0.040	 0.136	 0.146	
	 0.073	 0.040	 0.136	 0.146	
	 0.073	 0.040	 0.136	 0.146	
	 0.073	 0.040	 0.136	 0.146	
	 0.073	 0.040	 0.136	 0.146	
    148	      MEANSQUARE ERROR = 0.0020


	 0.073	 0.040	 0.136	 0.146	
	 0.073	 0.040	 0.136	 0.146	
	 0.073	 0.040	 0.136	 0.146	
	 0.073	 0.040	 0.136	 0.146	
	 0.073	 0.040	 0.136	 0.146	
    149	      MEANSQUARE ERROR = 0.0020


	 0.073	 0.040	 0.136	 0.146	
	 0.073	 0.040	 0.136	 0.146	
	 0.073	 0.040	 0.136	 0.146	
	 0.073	 0.040	 0.136	 0.146	
	 0.073	 0.040	 0.136	 0.146	
    150	      MEANSQUARE ERROR = 0.0020


	 0.073	 0.040	 0.136	 0.146	
	 0.073	 0.040	 0.136	 0.146	
	 0.073	 0.040	 0.136	 0.146	
	 0.073	 0.040	 0.136	 0.146	
	 0.073	 0.040	 0.136	 0.146	
    151	      MEANSQUARE ERROR = 0.0020


	 0.073	 0.040	 0.136	 0.146	
	 0.073	 0.040	 0.136	 0.146	
	 0.073	 0.040	 0.136	 0.146	
	 0.073	 0.040	 0.136	 0.146	
	 0.073	 0.040	 0.136	 0.146	
    152	      MEANSQUARE ERROR = 0.0020


	 0.073	 0.040	 0.136	 0.146	
	 0.073	 0.040	 0.136	 0.146	
	 0.073	 0.040	 0.136	 0.146	
	 0.073	 0.040	 0.136	 0.146	
	 0.073	 0.040	 0.136	 0.146	
    153	      MEANSQUARE ERROR = 0.0020


	 0.073	 0.040	 0.136	 0.146	
	 0.073	 0.040	 0.136	 0.146	
	 0.073	 0.040	 0.136	 0.146	
	 0.073	 0.040	 0.136	 0.146	
	 0.073	 0.040	 0.136	 0.146	
    154	      MEANSQUARE ERROR = 0.0020


	 0.073	 0.040	 0.136	 0.146	
	 0.073	 0.040	 0.136	 0.146	
	 0.073	 0.040	 0.136	 0.146	
	 0.073	 0.040	 0.136	 0.146	
	 0.073	 0.040	 0.136	 0.146	
    155	      MEANSQUARE ERROR = 0.0020


	 0.073	 0.040	 0.136	 0.146	
	 0.073	 0.040	 0.136	 0.146	
	 0.073	 0.040	 0.136	 0.146	
	 0.073	 0.040	 0.136	 0.146	
	 0.073	 0.040	 0.136	 0.146	
    156	      MEANSQUARE ERROR = 0.0020


	 0.073	 0.040	 0.136	 0.146	
	 0.073	 0.040	 0.136	 0.146	
	 0.073	 0.040	 0.136	 0.146	
	 0.073	 0.040	 0.136	 0.146	
	 0.073	 0.040	 0.136	 0.146	
    157	      MEANSQUARE ERROR = 0.0020


	 0.073	 0.040	 0.136	 0.146	
	 0.073	 0.040	 0.136	 0.146	
	 0.073	 0.040	 0.136	 0.146	
	 0.073	 0.040	 0.136	 0.146	
	 0.073	 0.040	 0.136	 0.146	
    158	      MEANSQUARE ERROR = 0.0020


	 0.073	 0.040	 0.136	 0.146	
	 0.073	 0.040	 0.136	 0.146	
	 0.073	 0.040	 0.136	 0.146	
	 0.073	 0.040	 0.136	 0.146	
	 0.073	 0.040	 0.136	 0.146	
    159	      MEANSQUARE ERROR = 0.0020


	 0.073	 0.040	 0.136	 0.146	
	 0.073	 0.040	 0.136	 0.146	
	 0.073	 0.040	 0.136	 0.146	
	 0.073	 0.040	 0.136	 0.146	
	 0.073	 0.040	 0.136	 0.146	
    160	      MEANSQUARE ERROR = 0.0020


	 0.073	 0.040	 0.136	 0.146	
	 0.073	 0.040	 0.136	 0.146	
	 0.073	 0.040	 0.136	 0.146	
	 0.073	 0.040	 0.136	 0.146	
	 0.073	 0.040	 0.136	 0.146	
    161	      MEANSQUARE ERROR = 0.0020


	 0.073	 0.040	 0.136	 0.146	
	 0.073	 0.040	 0.136	 0.146	
	 0.073	 0.040	 0.136	 0.146	
	 0.073	 0.040	 0.136	 0.146	
	 0.073	 0.040	 0.136	 0.146	
    162	      MEANSQUARE ERROR = 0.0020


	 0.073	 0.040	 0.136	 0.146	
	 0.073	 0.040	 0.136	 0.146	
	 0.073	 0.040	 0.136	 0.146	
	 0.073	 0.040	 0.136	 0.146	
	 0.073	 0.040	 0.136	 0.146	
    163	      MEANSQUARE ERROR = 0.0020


	 0.073	 0.040	 0.136	 0.146	
	 0.073	 0.040	 0.136	 0.146	
	 0.073	 0.040	 0.136	 0.146	
	 0.073	 0.040	 0.136	 0.146	
	 0.073	 0.040	 0.136	 0.146	
    164	      MEANSQUARE ERROR = 0.0020


	 0.073	 0.040	 0.136	 0.146	
	 0.073	 0.040	 0.136	 0.146	
	 0.073	 0.040	 0.136	 0.146	
	 0.073	 0.040	 0.136	 0.146	
	 0.073	 0.040	 0.136	 0.146	
    165	      MEANSQUARE ERROR = 0.0020


	 0.073	 0.040	 0.136	 0.146	
	 0.073	 0.040	 0.136	 0.146	
	 0.073	 0.040	 0.136	 0.146	
	 0.073	 0.040	 0.136	 0.146	
	 0.073	 0.040	 0.136	 0.146	
    166	      MEANSQUARE ERROR = 0.0020


	 0.073	 0.040	 0.136	 0.146	
	 0.073	 0.040	 0.136	 0.146	
	 0.073	 0.040	 0.136	 0.146	
	 0.073	 0.040	 0.136	 0.146	
	 0.073	 0.040	 0.136	 0.146	
    167	      MEANSQUARE ERROR = 0.0020


	 0.073	 0.040	 0.136	 0.146	
	 0.073	 0.040	 0.136	 0.146	
	 0.073	 0.040	 0.136	 0.146	
	 0.073	 0.040	 0.136	 0.146	
	 0.073	 0.040	 0.136	 0.146	
    168	      MEANSQUARE ERROR = 0.0020


	 0.073	 0.040	 0.136	 0.146	
	 0.073	 0.040	 0.136	 0.146	
	 0.073	 0.040	 0.136	 0.146	
	 0.073	 0.040	 0.136	 0.146	
	 0.073	 0.040	 0.136	 0.146	
    169	      MEANSQUARE ERROR = 0.0020


	 0.073	 0.040	 0.136	 0.146	
	 0.073	 0.040	 0.136	 0.146	
	 0.073	 0.040	 0.136	 0.146	
	 0.073	 0.040	 0.136	 0.146	
	 0.073	 0.040	 0.136	 0.146	
    170	      MEANSQUARE ERROR = 0.0020


	 0.073	 0.040	 0.136	 0.146	
	 0.073	 0.040	 0.136	 0.146	
	 0.073	 0.040	 0.136	 0.146	
	 0.073	 0.040	 0.136	 0.146	
	 0.073	 0.040	 0.136	 0.146	
    171	      MEANSQUARE ERROR = 0.0020


	 0.073	 0.040	 0.136	 0.146	
	 0.073	 0.040	 0.136	 0.146	
	 0.073	 0.040	 0.136	 0.146	
	 0.073	 0.040	 0.136	 0.146	
	 0.073	 0.040	 0.136	 0.146	
    172	      MEANSQUARE ERROR = 0.0020


	 0.073	 0.040	 0.136	 0.146	
	 0.073	 0.040	 0.136	 0.146	
	 0.073	 0.040	 0.136	 0.146	
	 0.073	 0.040	 0.136	 0.146	
	 0.073	 0.040	 0.136	 0.146	
    173	      MEANSQUARE ERROR = 0.0020


	 0.073	 0.040	 0.136	 0.146	
	 0.073	 0.040	 0.136	 0.146	
	 0.073	 0.040	 0.136	 0.146	
	 0.073	 0.040	 0.136	 0.146	
	 0.073	 0.040	 0.136	 0.146	
    174	      MEANSQUARE ERROR = 0.0020


	 0.073	 0.040	 0.136	 0.146	
	 0.073	 0.040	 0.136	 0.146	
	 0.073	 0.040	 0.136	 0.146	
	 0.073	 0.040	 0.136	 0.146	
	 0.073	 0.040	 0.136	 0.146	
    175	      MEANSQUARE ERROR = 0.0020


	 0.073	 0.040	 0.136	 0.146	
	 0.073	 0.040	 0.136	 0.146	
	 0.073	 0.040	 0.136	 0.146	
	 0.073	 0.040	 0.136	 0.146	
	 0.073	 0.040	 0.136	 0.146	
    176	      MEANSQUARE ERROR = 0.0020


	 0.073	 0.040	 0.136	 0.146	
	 0.073	 0.040	 0.136	 0.146	
	 0.073	 0.040	 0.136	 0.146	
	 0.073	 0.040	 0.136	 0.146	
	 0.073	 0.040	 0.136	 0.146	
    177	      MEANSQUARE ERROR = 0.0020


	 0.073	 0.040	 0.136	 0.146	
	 0.073	 0.040	 0.136	 0.146	
	 0.073	 0.040	 0.136	 0.146	
	 0.073	 0.040	 0.136	 0.146	
	 0.073	 0.040	 0.136	 0.146	
    178	      MEANSQUARE ERROR = 0.0020


	 0.073	 0.040	 0.136	 0.146	
	 0.073	 0.040	 0.136	 0.146	
	 0.073	 0.040	 0.136	 0.146	
	 0.073	 0.040	 0.136	 0.146	
	 0.073	 0.040	 0.136	 0.146	
    179	      MEANSQUARE ERROR = 0.0020


	 0.073	 0.040	 0.136	 0.146	
	 0.073	 0.040	 0.136	 0.146	
	 0.073	 0.040	 0.136	 0.146	
	 0.073	 0.040	 0.136	 0.146	
	 0.073	 0.040	 0.136	 0.146	
    180	      MEANSQUARE ERROR = 0.0020


	 0.073	 0.040	 0.136	 0.146	
	 0.073	 0.040	 0.136	 0.146	
	 0.073	 0.040	 0.136	 0.146	
	 0.073	 0.040	 0.136	 0.146	
	 0.073	 0.040	 0.136	 0.146	
    181	      MEANSQUARE ERROR = 0.0020


	 0.073	 0.040	 0.136	 0.146	
	 0.073	 0.040	 0.136	 0.146	
	 0.073	 0.040	 0.136	 0.146	
	 0.073	 0.040	 0.136	 0.146	
	 0.073	 0.040	 0.136	 0.146	
    182	      MEANSQUARE ERROR = 0.0020


	 0.073	 0.040	 0.136	 0.146	
	 0.073	 0.040	 0.136	 0.146	
	 0.073	 0.040	 0.136	 0.146	
	 0.073	 0.040	 0.136	 0.146	
	 0.073	 0.040	 0.136	 0.146	
    183	      MEANSQUARE ERROR = 0.0020


	 0.073	 0.040	 0.136	 0.146	
	 0.073	 0.040	 0.136	 0.146	
	 0.073	 0.040	 0.136	 0.146	
	 0.073	 0.040	 0.136	 0.146	
	 0.073	 0.040	 0.136	 0.146	
    184	      MEANSQUARE ERROR = 0.0020


	 0.073	 0.040	 0.136	 0.146	
	 0.073	 0.040	 0.136	 0.146	
	 0.073	 0.040	 0.136	 0.146	
	 0.073	 0.040	 0.136	 0.146	
	 0.073	 0.040	 0.136	 0.146	
    185	      MEANSQUARE ERROR = 0.0020


	 0.073	 0.040	 0.136	 0.146	
	 0.073	 0.040	 0.136	 0.146	
	 0.073	 0.040	 0.136	 0.146	
	 0.073	 0.040	 0.136	 0.146	
	 0.073	 0.040	 0.136	 0.146	
    186	      MEANSQUARE ERROR = 0.0020


	 0.073	 0.040	 0.136	 0.146	
	 0.073	 0.040	 0.136	 0.146	
	 0.073	 0.040	 0.136	 0.146	
	 0.073	 0.040	 0.136	 0.146	
	 0.073	 0.040	 0.136	 0.146	
    187	      MEANSQUARE ERROR = 0.0020


	 0.073	 0.040	 0.136	 0.146	
	 0.073	 0.040	 0.136	 0.146	
	 0.073	 0.040	 0.136	 0.146	
	 0.073	 0.040	 0.136	 0.146	
	 0.073	 0.040	 0.136	 0.146	
    188	      MEANSQUARE ERROR = 0.0020


	 0.073	 0.040	 0.136	 0.146	
	 0.073	 0.040	 0.136	 0.146	
	 0.073	 0.040	 0.136	 0.146	
	 0.073	 0.040	 0.136	 0.146	
	 0.073	 0.040	 0.136	 0.146	
    189	      MEANSQUARE ERROR = 0.0020


	 0.073	 0.040	 0.136	 0.146	
	 0.073	 0.040	 0.136	 0.146	
	 0.073	 0.040	 0.136	 0.146	
	 0.073	 0.040	 0.136	 0.146	
	 0.073	 0.040	 0.136	 0.146	
    190	      MEANSQUARE ERROR = 0.0020


	 0.073	 0.040	 0.136	 0.146	
	 0.073	 0.040	 0.136	 0.146	
	 0.073	 0.040	 0.136	 0.146	
	 0.073	 0.040	 0.136	 0.146	
	 0.073	 0.040	 0.136	 0.146	
    191	      MEANSQUARE ERROR = 0.0020


	 0.073	 0.040	 0.136	 0.146	
	 0.073	 0.040	 0.136	 0.146	
	 0.073	 0.040	 0.136	 0.146	
	 0.073	 0.040	 0.136	 0.146	
	 0.073	 0.040	 0.136	 0.146	
    192	      MEANSQUARE ERROR = 0.0020


	 0.073	 0.040	 0.136	 0.146	
	 0.073	 0.040	 0.136	 0.146	
	 0.073	 0.040	 0.136	 0.146	
	 0.073	 0.040	 0.136	 0.146	
	 0.073	 0.040	 0.136	 0.146	
    193	      MEANSQUARE ERROR = 0.0020


	 0.073	 0.040	 0.136	 0.146	
	 0.073	 0.040	 0.136	 0.146	
	 0.073	 0.040	 0.136	 0.146	
	 0.073	 0.040	 0.136	 0.146	
	 0.073	 0.040	 0.136	 0.146	
    194	      MEANSQUARE ERROR = 0.0020


	 0.073	 0.040	 0.136	 0.146	
	 0.073	 0.040	 0.136	 0.146	
	 0.073	 0.040	 0.136	 0.146	
	 0.073	 0.040	 0.136	 0.146	
	 0.073	 0.040	 0.136	 0.146	
    195	      MEANSQUARE ERROR = 0.0020


	 0.073	 0.040	 0.136	 0.146	
	 0.073	 0.040	 0.136	 0.146	
	 0.073	 0.040	 0.136	 0.146	
	 0.073	 0.040	 0.136	 0.146	
	 0.073	 0.040	 0.136	 0.146	
    196	      MEANSQUARE ERROR = 0.0020


	 0.073	 0.040	 0.136	 0.146	
	 0.073	 0.040	 0.136	 0.146	
	 0.073	 0.040	 0.136	 0.146	
	 0.073	 0.040	 0.136	 0.146	
	 0.073	 0.040	 0.136	 0.146	
    197	      MEANSQUARE ERROR = 0.0020


	 0.073	 0.040	 0.136	 0.146	
	 0.073	 0.040	 0.136	 0.146	
	 0.073	 0.040	 0.136	 0.146	
	 0.073	 0.040	 0.136	 0.146	
	 0.073	 0.040	 0.136	 0.146	
    198	      MEANSQUARE ERROR = 0.0020


	 0.073	 0.040	 0.136	 0.146	
	 0.073	 0.040	 0.136	 0.146	
	 0.073	 0.040	 0.136	 0.146	
	 0.073	 0.040	 0.136	 0.146	
	 0.073	 0.040	 0.136	 0.146	
    199	      MEANSQUARE ERROR = 0.0020


	 0.073	 0.040	 0.136	 0.146	
	 0.073	 0.040	 0.136	 0.146	
	 0.073	 0.040	 0.136	 0.146	
	 0.073	 0.040	 0.136	 0.146	
	 0.073	 0.040	 0.136	 0.146	
    200	      MEANSQUARE ERROR = 0.0020


	 0.073	 0.040	 0.136	 0.146	
	 0.073	 0.040	 0.136	 0.146	
	 0.073	 0.040	 0.136	 0.146	
	 0.073	 0.040	 0.136	 0.146	
	 0.073	 0.040	 0.136	 0.146	
    201	      MEANSQUARE ERROR = 0.0020


	 0.073	 0.040	 0.136	 0.146	
	 0.073	 0.040	 0.136	 0.146	
	 0.073	 0.040	 0.136	 0.146	
	 0.073	 0.040	 0.136	 0.146	
	 0.073	 0.040	 0.136	 0.146	
    202	      MEANSQUARE ERROR = 0.0020


	 0.073	 0.040	 0.136	 0.146	
	 0.073	 0.040	 0.136	 0.146	
	 0.073	 0.040	 0.136	 0.146	
	 0.073	 0.040	 0.136	 0.146	
	 0.073	 0.040	 0.136	 0.146	
    203	      MEANSQUARE ERROR = 0.0020


	 0.073	 0.040	 0.136	 0.146	
	 0.073	 0.040	 0.136	 0.146	
	 0.073	 0.040	 0.136	 0.146	
	 0.073	 0.040	 0.136	 0.146	
	 0.073	 0.040	 0.136	 0.146	
    204	      MEANSQUARE ERROR = 0.0020


	 0.073	 0.040	 0.136	 0.146	
	 0.073	 0.040	 0.136	 0.146	
	 0.073	 0.040	 0.136	 0.146	
	 0.073	 0.040	 0.136	 0.146	
	 0.073	 0.040	 0.136	 0.146	
    205	      MEANSQUARE ERROR = 0.0020


	 0.073	 0.040	 0.136	 0.146	
	 0.073	 0.040	 0.136	 0.146	
	 0.073	 0.040	 0.136	 0.146	
	 0.073	 0.040	 0.136	 0.146	
	 0.073	 0.040	 0.136	 0.146	
    206	      MEANSQUARE ERROR = 0.0020


	 0.073	 0.040	 0.136	 0.146	
	 0.073	 0.040	 0.136	 0.146	
	 0.073	 0.040	 0.136	 0.146	
	 0.073	 0.040	 0.136	 0.146	
	 0.073	 0.040	 0.136	 0.146	
    207	      MEANSQUARE ERROR = 0.0020


	 0.073	 0.040	 0.136	 0.146	
	 0.073	 0.040	 0.136	 0.146	
	 0.073	 0.040	 0.136	 0.146	
	 0.073	 0.040	 0.136	 0.146	
	 0.073	 0.040	 0.136	 0.146	
    208	      MEANSQUARE ERROR = 0.0020


	 0.073	 0.040	 0.136	 0.146	
	 0.073	 0.040	 0.136	 0.146	
	 0.073	 0.040	 0.136	 0.146	
	 0.073	 0.040	 0.136	 0.146	
	 0.073	 0.040	 0.136	 0.146	
    209	      MEANSQUARE ERROR = 0.0020


	 0.073	 0.040	 0.136	 0.146	
	 0.073	 0.040	 0.136	 0.146	
	 0.073	 0.040	 0.136	 0.146	
	 0.073	 0.040	 0.136	 0.146	
	 0.073	 0.040	 0.136	 0.146	
    210	      MEANSQUARE ERROR = 0.0020


	 0.073	 0.040	 0.136	 0.146	
	 0.073	 0.040	 0.136	 0.146	
	 0.073	 0.040	 0.136	 0.146	
	 0.073	 0.040	 0.136	 0.146	
	 0.073	 0.040	 0.136	 0.146	
    211	      MEANSQUARE ERROR = 0.0020


	 0.073	 0.040	 0.136	 0.146	
	 0.073	 0.040	 0.136	 0.146	
	 0.073	 0.040	 0.136	 0.146	
	 0.073	 0.040	 0.136	 0.146	
	 0.073	 0.040	 0.136	 0.146	
    212	      MEANSQUARE ERROR = 0.0020


	 0.073	 0.040	 0.136	 0.146	
	 0.073	 0.040	 0.136	 0.146	
	 0.073	 0.040	 0.136	 0.146	
	 0.073	 0.040	 0.136	 0.146	
	 0.073	 0.040	 0.136	 0.146	
    213	      MEANSQUARE ERROR = 0.0020


	 0.073	 0.040	 0.136	 0.146	
	 0.073	 0.040	 0.136	 0.146	
	 0.073	 0.040	 0.136	 0.146	
	 0.073	 0.040	 0.136	 0.146	
	 0.073	 0.040	 0.136	 0.146	
    214	      MEANSQUARE ERROR = 0.0020


	 0.073	 0.040	 0.136	 0.146	
	 0.073	 0.040	 0.136	 0.146	
	 0.073	 0.040	 0.136	 0.146	
	 0.073	 0.040	 0.136	 0.146	
	 0.073	 0.040	 0.136	 0.146	
    215	      MEANSQUARE ERROR = 0.0020


	 0.073	 0.040	 0.136	 0.146	
	 0.073	 0.040	 0.136	 0.146	
	 0.073	 0.040	 0.136	 0.146	
	 0.073	 0.040	 0.136	 0.146	
	 0.073	 0.040	 0.136	 0.146	
    216	      MEANSQUARE ERROR = 0.0020


	 0.073	 0.040	 0.136	 0.146	
	 0.073	 0.040	 0.136	 0.146	
	 0.073	 0.040	 0.136	 0.146	
	 0.073	 0.040	 0.136	 0.146	
	 0.073	 0.040	 0.136	 0.146	
    217	      MEANSQUARE ERROR = 0.0020


	 0.073	 0.040	 0.136	 0.146	
	 0.073	 0.040	 0.136	 0.146	
	 0.073	 0.040	 0.136	 0.146	
	 0.073	 0.040	 0.136	 0.146	
	 0.073	 0.040	 0.136	 0.146	
    218	      MEANSQUARE ERROR = 0.0020


	 0.073	 0.040	 0.136	 0.146	
	 0.073	 0.040	 0.136	 0.146	
	 0.073	 0.040	 0.136	 0.146	
	 0.073	 0.040	 0.136	 0.146	
	 0.073	 0.040	 0.136	 0.146	
    219	      MEANSQUARE ERROR = 0.0020


	 0.073	 0.040	 0.136	 0.146	
	 0.073	 0.040	 0.136	 0.146	
	 0.073	 0.040	 0.136	 0.146	
	 0.073	 0.040	 0.136	 0.146	
	 0.073	 0.040	 0.136	 0.146	
    220	      MEANSQUARE ERROR = 0.0020


	 0.073	 0.040	 0.136	 0.146	
	 0.073	 0.040	 0.136	 0.146	
	 0.073	 0.040	 0.136	 0.146	
	 0.073	 0.040	 0.136	 0.146	
	 0.073	 0.040	 0.136	 0.146	
    221	      MEANSQUARE ERROR = 0.0020


	 0.073	 0.040	 0.136	 0.146	
	 0.073	 0.040	 0.136	 0.146	
	 0.073	 0.040	 0.136	 0.146	
	 0.073	 0.040	 0.136	 0.146	
	 0.073	 0.040	 0.136	 0.146	
    222	      MEANSQUARE ERROR = 0.0020


	 0.073	 0.040	 0.136	 0.146	
	 0.073	 0.040	 0.136	 0.146	
	 0.073	 0.040	 0.136	 0.146	
	 0.073	 0.040	 0.136	 0.146	
	 0.073	 0.040	 0.136	 0.146	
    223	      MEANSQUARE ERROR = 0.0020


	 0.073	 0.040	 0.136	 0.146	
	 0.073	 0.040	 0.136	 0.146	
	 0.073	 0.040	 0.136	 0.146	
	 0.073	 0.040	 0.136	 0.146	
	 0.073	 0.040	 0.136	 0.146	
    224	      MEANSQUARE ERROR = 0.0020


	 0.073	 0.040	 0.136	 0.146	
	 0.073	 0.040	 0.136	 0.146	
	 0.073	 0.040	 0.136	 0.146	
	 0.073	 0.040	 0.136	 0.146	
	 0.073	 0.040	 0.136	 0.146	
    225	      MEANSQUARE ERROR = 0.0020


	 0.073	 0.040	 0.136	 0.146	
	 0.073	 0.040	 0.136	 0.146	
	 0.073	 0.040	 0.136	 0.146	
	 0.073	 0.040	 0.136	 0.146	
	 0.073	 0.040	 0.136	 0.146	
    226	      MEANSQUARE ERROR = 0.0020


	 0.073	 0.040	 0.136	 0.146	
	 0.073	 0.040	 0.136	 0.146	
	 0.073	 0.040	 0.136	 0.146	
	 0.073	 0.040	 0.136	 0.146	
	 0.073	 0.040	 0.136	 0.146	
    227	      MEANSQUARE ERROR = 0.0020


	 0.073	 0.040	 0.136	 0.146	
	 0.073	 0.040	 0.136	 0.146	
	 0.073	 0.040	 0.136	 0.146	
	 0.073	 0.040	 0.136	 0.146	
	 0.073	 0.040	 0.136	 0.146	
    228	      MEANSQUARE ERROR = 0.0020


	 0.073	 0.040	 0.136	 0.146	
	 0.073	 0.040	 0.136	 0.146	
	 0.073	 0.040	 0.136	 0.146	
	 0.073	 0.040	 0.136	 0.146	
	 0.073	 0.040	 0.136	 0.146	
    229	      MEANSQUARE ERROR = 0.0020


	 0.073	 0.040	 0.136	 0.146	
	 0.073	 0.040	 0.136	 0.146	
	 0.073	 0.040	 0.136	 0.146	
	 0.073	 0.040	 0.136	 0.146	
	 0.073	 0.040	 0.136	 0.146	
    230	      MEANSQUARE ERROR = 0.0020


	 0.073	 0.040	 0.136	 0.146	
	 0.073	 0.040	 0.136	 0.146	
	 0.073	 0.040	 0.136	 0.146	
	 0.073	 0.040	 0.136	 0.146	
	 0.073	 0.040	 0.136	 0.146	
    231	      MEANSQUARE ERROR = 0.0020


	 0.073	 0.040	 0.136	 0.146	
	 0.073	 0.040	 0.136	 0.146	
	 0.073	 0.040	 0.136	 0.146	
	 0.073	 0.040	 0.136	 0.146	
	 0.073	 0.040	 0.136	 0.146	
    232	      MEANSQUARE ERROR = 0.0020


	 0.073	 0.040	 0.136	 0.146	
	 0.073	 0.040	 0.136	 0.146	
	 0.073	 0.040	 0.136	 0.146	
	 0.073	 0.040	 0.136	 0.146	
	 0.073	 0.040	 0.136	 0.146	
    233	      MEANSQUARE ERROR = 0.0020


	 0.073	 0.040	 0.136	 0.146	
	 0.073	 0.040	 0.136	 0.146	
	 0.073	 0.040	 0.136	 0.146	
	 0.073	 0.040	 0.136	 0.146	
	 0.073	 0.040	 0.136	 0.146	
    234	      MEANSQUARE ERROR = 0.0020


	 0.073	 0.040	 0.136	 0.146	
	 0.073	 0.040	 0.136	 0.146	
	 0.073	 0.040	 0.136	 0.146	
	 0.073	 0.040	 0.136	 0.146	
	 0.073	 0.040	 0.136	 0.146	
    235	      MEANSQUARE ERROR = 0.0020


	 0.073	 0.040	 0.136	 0.146	
	 0.073	 0.040	 0.136	 0.146	
	 0.073	 0.040	 0.136	 0.146	
	 0.073	 0.040	 0.136	 0.146	
	 0.073	 0.040	 0.136	 0.146	
    236	      MEANSQUARE ERROR = 0.0020


	 0.073	 0.040	 0.136	 0.146	
	 0.073	 0.040	 0.136	 0.146	
	 0.073	 0.040	 0.136	 0.146	
	 0.073	 0.040	 0.136	 0.146	
	 0.073	 0.040	 0.136	 0.146	
    237	      MEANSQUARE ERROR = 0.0020


	 0.073	 0.040	 0.136	 0.146	
	 0.073	 0.040	 0.136	 0.146	
	 0.073	 0.040	 0.136	 0.146	
	 0.073	 0.040	 0.136	 0.146	
	 0.073	 0.040	 0.136	 0.146	
    238	      MEANSQUARE ERROR = 0.0020


	 0.073	 0.040	 0.136	 0.146	
	 0.073	 0.040	 0.136	 0.146	
	 0.073	 0.040	 0.136	 0.146	
	 0.073	 0.040	 0.136	 0.146	
	 0.073	 0.040	 0.136	 0.146	
    239	      MEANSQUARE ERROR = 0.0020


	 0.073	 0.040	 0.136	 0.146	
	 0.073	 0.040	 0.136	 0.146	
	 0.073	 0.040	 0.136	 0.146	
	 0.073	 0.040	 0.136	 0.146	
	 0.073	 0.040	 0.136	 0.146	
    240	      MEANSQUARE ERROR = 0.0020


	 0.073	 0.040	 0.136	 0.146	
	 0.073	 0.040	 0.136	 0.146	
	 0.073	 0.040	 0.136	 0.146	
	 0.073	 0.040	 0.136	 0.146	
	 0.073	 0.040	 0.136	 0.146	
    241	      MEANSQUARE ERROR = 0.0020


	 0.073	 0.040	 0.136	 0.146	
	 0.073	 0.040	 0.136	 0.146	
	 0.073	 0.040	 0.136	 0.146	
	 0.073	 0.040	 0.136	 0.146	
	 0.073	 0.040	 0.136	 0.146	
    242	      MEANSQUARE ERROR = 0.0020


	 0.073	 0.040	 0.136	 0.146	
	 0.073	 0.040	 0.136	 0.146	
	 0.073	 0.040	 0.136	 0.146	
	 0.073	 0.040	 0.136	 0.146	
	 0.073	 0.040	 0.136	 0.146	
    243	      MEANSQUARE ERROR = 0.0020


	 0.073	 0.040	 0.136	 0.146	
	 0.073	 0.040	 0.136	 0.146	
	 0.073	 0.040	 0.136	 0.146	
	 0.073	 0.040	 0.136	 0.146	
	 0.073	 0.040	 0.136	 0.146	
    244	      MEANSQUARE ERROR = 0.0020


	 0.073	 0.040	 0.136	 0.146	
	 0.073	 0.040	 0.136	 0.146	
	 0.073	 0.040	 0.136	 0.146	
	 0.073	 0.040	 0.136	 0.146	
	 0.073	 0.040	 0.136	 0.146	
    245	      MEANSQUARE ERROR = 0.0020


	 0.073	 0.040	 0.136	 0.146	
	 0.073	 0.040	 0.136	 0.146	
	 0.073	 0.040	 0.136	 0.146	
	 0.073	 0.040	 0.136	 0.146	
	 0.073	 0.040	 0.136	 0.146	
    246	      MEANSQUARE ERROR = 0.0020


	 0.073	 0.040	 0.136	 0.146	
	 0.073	 0.040	 0.136	 0.146	
	 0.073	 0.040	 0.136	 0.146	
	 0.073	 0.040	 0.136	 0.146	
	 0.073	 0.040	 0.136	 0.146	
    247	      MEANSQUARE ERROR = 0.0020


	 0.073	 0.040	 0.136	 0.146	
	 0.073	 0.040	 0.136	 0.146	
	 0.073	 0.040	 0.136	 0.146	
	 0.073	 0.040	 0.136	 0.146	
	 0.073	 0.040	 0.136	 0.146	
    248	      MEANSQUARE ERROR = 0.0020


	 0.073	 0.040	 0.136	 0.146	
	 0.073	 0.040	 0.136	 0.146	
	 0.073	 0.040	 0.136	 0.146	
	 0.073	 0.040	 0.136	 0.146	
	 0.073	 0.040	 0.136	 0.146	
    249	      MEANSQUARE ERROR = 0.0020


	 0.073	 0.040	 0.136	 0.146	
	 0.073	 0.040	 0.136	 0.146	
	 0.073	 0.040	 0.136	 0.146	
	 0.073	 0.040	 0.136	 0.146	
	 0.073	 0.040	 0.136	 0.146	
    250	      MEANSQUARE ERROR = 0.0020


	 0.073	 0.040	 0.136	 0.146	
	 0.073	 0.040	 0.136	 0.146	
	 0.073	 0.040	 0.136	 0.146	
	 0.073	 0.040	 0.136	 0.146	
	 0.073	 0.040	 0.136	 0.146	
    251	      MEANSQUARE ERROR = 0.0020


	 0.073	 0.040	 0.136	 0.146	
	 0.073	 0.040	 0.136	 0.146	
	 0.073	 0.040	 0.136	 0.146	
	 0.073	 0.040	 0.136	 0.146	
	 0.073	 0.040	 0.136	 0.146	
    252	      MEANSQUARE ERROR = 0.0020


	 0.073	 0.040	 0.136	 0.146	
	 0.073	 0.040	 0.136	 0.146	
	 0.073	 0.040	 0.136	 0.146	
	 0.073	 0.040	 0.136	 0.146	
	 0.073	 0.040	 0.136	 0.146	
    253	      MEANSQUARE ERROR = 0.0020


	 0.073	 0.040	 0.136	 0.146	
	 0.073	 0.040	 0.136	 0.146	
	 0.073	 0.040	 0.136	 0.146	
	 0.073	 0.040	 0.136	 0.146	
	 0.073	 0.040	 0.136	 0.146	
    254	      MEANSQUARE ERROR = 0.0020


	 0.073	 0.040	 0.136	 0.146	
	 0.073	 0.040	 0.136	 0.146	
	 0.073	 0.040	 0.136	 0.146	
	 0.073	 0.040	 0.136	 0.146	
	 0.073	 0.040	 0.136	 0.146	
    255	      MEANSQUARE ERROR = 0.0020


	 0.073	 0.040	 0.136	 0.146	
	 0.073	 0.040	 0.136	 0.146	
	 0.073	 0.040	 0.136	 0.146	
	 0.073	 0.040	 0.136	 0.146	
	 0.073	 0.040	 0.136	 0.146	
    256	      MEANSQUARE ERROR = 0.0020


	 0.073	 0.040	 0.136	 0.146	
	 0.073	 0.040	 0.136	 0.146	
	 0.073	 0.040	 0.136	 0.146	
	 0.073	 0.040	 0.136	 0.146	
	 0.073	 0.040	 0.136	 0.146	
    257	      MEANSQUARE ERROR = 0.0020


	 0.073	 0.040	 0.136	 0.146	
	 0.073	 0.040	 0.136	 0.146	
	 0.073	 0.040	 0.136	 0.146	
	 0.073	 0.040	 0.136	 0.146	
	 0.073	 0.040	 0.136	 0.146	
    258	      MEANSQUARE ERROR = 0.0020


	 0.073	 0.040	 0.136	 0.146	
	 0.073	 0.040	 0.136	 0.146	
	 0.073	 0.040	 0.136	 0.146	
	 0.073	 0.040	 0.136	 0.146	
	 0.073	 0.040	 0.136	 0.146	
    259	      MEANSQUARE ERROR = 0.0020


	 0.073	 0.040	 0.136	 0.146	
	 0.073	 0.040	 0.136	 0.146	
	 0.073	 0.040	 0.136	 0.146	
	 0.073	 0.040	 0.136	 0.146	
	 0.073	 0.040	 0.136	 0.146	
    260	      MEANSQUARE ERROR = 0.0020


	 0.073	 0.040	 0.136	 0.146	
	 0.073	 0.040	 0.136	 0.146	
	 0.073	 0.040	 0.136	 0.146	
	 0.073	 0.040	 0.136	 0.146	
	 0.073	 0.040	 0.136	 0.146	
    261	      MEANSQUARE ERROR = 0.0020


	 0.073	 0.040	 0.136	 0.146	
	 0.073	 0.040	 0.136	 0.146	
	 0.073	 0.040	 0.136	 0.146	
	 0.073	 0.040	 0.136	 0.146	
	 0.073	 0.040	 0.136	 0.146	
    262	      MEANSQUARE ERROR = 0.0020


	 0.073	 0.040	 0.136	 0.146	
	 0.073	 0.040	 0.136	 0.146	
	 0.073	 0.040	 0.136	 0.146	
	 0.073	 0.040	 0.136	 0.146	
	 0.073	 0.040	 0.136	 0.146	
    263	      MEANSQUARE ERROR = 0.0020


	 0.073	 0.040	 0.136	 0.146	
	 0.073	 0.040	 0.136	 0.146	
	 0.073	 0.040	 0.136	 0.146	
	 0.073	 0.040	 0.136	 0.146	
	 0.073	 0.040	 0.136	 0.146	
    264	      MEANSQUARE ERROR = 0.0020


	 0.073	 0.040	 0.136	 0.146	
	 0.073	 0.040	 0.136	 0.146	
	 0.073	 0.040	 0.136	 0.146	
	 0.073	 0.040	 0.136	 0.146	
	 0.073	 0.040	 0.136	 0.146	
    265	      MEANSQUARE ERROR = 0.0020


	 0.073	 0.040	 0.136	 0.146	
	 0.073	 0.040	 0.136	 0.146	
	 0.073	 0.040	 0.136	 0.146	
	 0.073	 0.040	 0.136	 0.146	
	 0.073	 0.040	 0.136	 0.146	
    266	      MEANSQUARE ERROR = 0.0020


	 0.073	 0.040	 0.136	 0.146	
	 0.073	 0.040	 0.136	 0.146	
	 0.073	 0.040	 0.136	 0.146	
	 0.073	 0.040	 0.136	 0.146	
	 0.073	 0.040	 0.136	 0.146	
    267	      MEANSQUARE ERROR = 0.0020


	 0.073	 0.040	 0.136	 0.146	
	 0.073	 0.040	 0.136	 0.146	
	 0.073	 0.040	 0.136	 0.146	
	 0.073	 0.040	 0.136	 0.146	
	 0.073	 0.040	 0.136	 0.146	
    268	      MEANSQUARE ERROR = 0.0020


	 0.073	 0.040	 0.136	 0.146	
	 0.073	 0.040	 0.136	 0.146	
	 0.073	 0.040	 0.136	 0.146	
	 0.073	 0.040	 0.136	 0.146	
	 0.073	 0.040	 0.136	 0.146	
    269	      MEANSQUARE ERROR = 0.0020


	 0.073	 0.040	 0.136	 0.146	
	 0.073	 0.040	 0.136	 0.146	
	 0.073	 0.040	 0.136	 0.146	
	 0.073	 0.040	 0.136	 0.146	
	 0.073	 0.040	 0.136	 0.146	
    270	      MEANSQUARE ERROR = 0.0020


	 0.073	 0.040	 0.136	 0.146	
	 0.073	 0.040	 0.136	 0.146	
	 0.073	 0.040	 0.136	 0.146	
	 0.073	 0.040	 0.136	 0.146	
	 0.073	 0.040	 0.136	 0.146	
    271	      MEANSQUARE ERROR = 0.0020


	 0.073	 0.040	 0.136	 0.146	
	 0.073	 0.040	 0.136	 0.146	
	 0.073	 0.040	 0.136	 0.146	
	 0.073	 0.040	 0.136	 0.146	
	 0.073	 0.040	 0.136	 0.146	
    272	      MEANSQUARE ERROR = 0.0020


	 0.073	 0.040	 0.136	 0.146	
	 0.073	 0.040	 0.136	 0.146	
	 0.073	 0.040	 0.136	 0.146	
	 0.073	 0.040	 0.136	 0.146	
	 0.073	 0.040	 0.136	 0.146	
    273	      MEANSQUARE ERROR = 0.0020


	 0.073	 0.040	 0.136	 0.146	
	 0.073	 0.040	 0.136	 0.146	
	 0.073	 0.040	 0.136	 0.146	
	 0.073	 0.040	 0.136	 0.146	
	 0.073	 0.040	 0.136	 0.146	
    274	      MEANSQUARE ERROR = 0.0020


	 0.073	 0.040	 0.136	 0.146	
	 0.073	 0.040	 0.136	 0.146	
	 0.073	 0.040	 0.136	 0.146	
	 0.073	 0.040	 0.136	 0.146	
	 0.073	 0.040	 0.136	 0.146	
    275	      MEANSQUARE ERROR = 0.0020


	 0.073	 0.040	 0.136	 0.146	
	 0.073	 0.040	 0.136	 0.146	
	 0.073	 0.040	 0.136	 0.146	
	 0.073	 0.040	 0.136	 0.146	
	 0.073	 0.040	 0.136	 0.146	
    276	      MEANSQUARE ERROR = 0.0020


	 0.073	 0.040	 0.136	 0.146	
	 0.073	 0.040	 0.136	 0.146	
	 0.073	 0.040	 0.136	 0.146	
	 0.073	 0.040	 0.136	 0.146	
	 0.073	 0.040	 0.136	 0.146	
    277	      MEANSQUARE ERROR = 0.0020


	 0.073	 0.040	 0.136	 0.146	
	 0.073	 0.040	 0.136	 0.146	
	 0.073	 0.040	 0.136	 0.146	
	 0.073	 0.040	 0.136	 0.146	
	 0.073	 0.040	 0.136	 0.146	
    278	      MEANSQUARE ERROR = 0.0020


	 0.073	 0.040	 0.136	 0.146	
	 0.073	 0.040	 0.136	 0.146	
	 0.073	 0.040	 0.136	 0.146	
	 0.073	 0.040	 0.136	 0.146	
	 0.073	 0.040	 0.136	 0.146	
    279	      MEANSQUARE ERROR = 0.0020


	 0.073	 0.040	 0.136	 0.146	
	 0.073	 0.040	 0.136	 0.146	
	 0.073	 0.040	 0.136	 0.146	
	 0.073	 0.040	 0.136	 0.146	
	 0.073	 0.040	 0.136	 0.146	
    280	      MEANSQUARE ERROR = 0.0020


	 0.073	 0.040	 0.136	 0.146	
	 0.073	 0.040	 0.136	 0.146	
	 0.073	 0.040	 0.136	 0.146	
	 0.073	 0.040	 0.136	 0.146	
	 0.073	 0.040	 0.136	 0.146	
    281	      MEANSQUARE ERROR = 0.0020


	 0.073	 0.040	 0.136	 0.146	
	 0.073	 0.040	 0.136	 0.146	
	 0.073	 0.040	 0.136	 0.146	
	 0.073	 0.040	 0.136	 0.146	
	 0.073	 0.040	 0.136	 0.146	
    282	      MEANSQUARE ERROR = 0.0020


	 0.073	 0.040	 0.136	 0.146	
	 0.073	 0.040	 0.136	 0.146	
	 0.073	 0.040	 0.136	 0.146	
	 0.073	 0.040	 0.136	 0.146	
	 0.073	 0.040	 0.136	 0.146	
    283	      MEANSQUARE ERROR = 0.0020


	 0.073	 0.040	 0.136	 0.146	
	 0.073	 0.040	 0.136	 0.146	
	 0.073	 0.040	 0.136	 0.146	
	 0.073	 0.040	 0.136	 0.146	
	 0.073	 0.040	 0.136	 0.146	
    284	      MEANSQUARE ERROR = 0.0020


	 0.073	 0.040	 0.136	 0.146	
	 0.073	 0.040	 0.136	 0.146	
	 0.073	 0.040	 0.136	 0.146	
	 0.073	 0.040	 0.136	 0.146	
	 0.073	 0.040	 0.136	 0.146	
    285	      MEANSQUARE ERROR = 0.0020


	 0.073	 0.040	 0.136	 0.146	
	 0.073	 0.040	 0.136	 0.146	
	 0.073	 0.040	 0.136	 0.146	
	 0.073	 0.040	 0.136	 0.146	
	 0.073	 0.040	 0.136	 0.146	
    286	      MEANSQUARE ERROR = 0.0020


	 0.073	 0.040	 0.136	 0.146	
	 0.073	 0.040	 0.136	 0.146	
	 0.073	 0.040	 0.136	 0.146	
	 0.073	 0.040	 0.136	 0.146	
	 0.073	 0.040	 0.136	 0.146	
    287	      MEANSQUARE ERROR = 0.0020


	 0.073	 0.040	 0.136	 0.146	
	 0.073	 0.040	 0.136	 0.146	
	 0.073	 0.040	 0.136	 0.146	
	 0.073	 0.040	 0.136	 0.146	
	 0.073	 0.040	 0.136	 0.146	
    288	      MEANSQUARE ERROR = 0.0020


	 0.073	 0.040	 0.136	 0.146	
	 0.073	 0.040	 0.136	 0.146	
	 0.073	 0.040	 0.136	 0.146	
	 0.073	 0.040	 0.136	 0.146	
	 0.073	 0.040	 0.136	 0.146	
    289	      MEANSQUARE ERROR = 0.0020


	 0.073	 0.040	 0.136	 0.146	
	 0.073	 0.040	 0.136	 0.146	
	 0.073	 0.040	 0.136	 0.146	
	 0.073	 0.040	 0.136	 0.146	
	 0.073	 0.040	 0.136	 0.146	
    290	      MEANSQUARE ERROR = 0.0020


	 0.073	 0.040	 0.136	 0.146	
	 0.073	 0.040	 0.136	 0.146	
	 0.073	 0.040	 0.136	 0.146	
	 0.073	 0.040	 0.136	 0.146	
	 0.073	 0.040	 0.136	 0.146	
    291	      MEANSQUARE ERROR = 0.0020


	 0.073	 0.040	 0.136	 0.146	
	 0.073	 0.040	 0.136	 0.146	
	 0.073	 0.040	 0.136	 0.146	
	 0.073	 0.040	 0.136	 0.146	
	 0.073	 0.040	 0.136	 0.146	
    292	      MEANSQUARE ERROR = 0.0020


	 0.073	 0.040	 0.136	 0.146	
	 0.073	 0.040	 0.136	 0.146	
	 0.073	 0.040	 0.136	 0.146	
	 0.073	 0.040	 0.136	 0.146	
	 0.073	 0.040	 0.136	 0.146	
    293	      MEANSQUARE ERROR = 0.0020


	 0.073	 0.040	 0.136	 0.146	
	 0.073	 0.040	 0.136	 0.146	
	 0.073	 0.040	 0.136	 0.146	
	 0.073	 0.040	 0.136	 0.146	
	 0.073	 0.040	 0.136	 0.146	
    294	      MEANSQUARE ERROR = 0.0020


	 0.073	 0.040	 0.136	 0.146	
	 0.073	 0.040	 0.136	 0.146	
	 0.073	 0.040	 0.136	 0.146	
	 0.073	 0.040	 0.136	 0.146	
	 0.073	 0.040	 0.136	 0.146	
    295	      MEANSQUARE ERROR = 0.0020


	 0.073	 0.040	 0.136	 0.146	
	 0.073	 0.040	 0.136	 0.146	
	 0.073	 0.040	 0.136	 0.146	
	 0.073	 0.040	 0.136	 0.146	
	 0.073	 0.040	 0.136	 0.146	
    296	      MEANSQUARE ERROR = 0.0020


	 0.073	 0.040	 0.136	 0.146	
	 0.073	 0.040	 0.136	 0.146	
	 0.073	 0.040	 0.136	 0.146	
	 0.073	 0.040	 0.136	 0.146	
	 0.073	 0.040	 0.136	 0.146	
    297	      MEANSQUARE ERROR = 0.0020


	 0.073	 0.040	 0.136	 0.146	
	 0.073	 0.040	 0.136	 0.146	
	 0.073	 0.040	 0.136	 0.146	
	 0.073	 0.040	 0.136	 0.146	
	 0.073	 0.040	 0.136	 0.146	
    298	      MEANSQUARE ERROR = 0.0020


	 0.073	 0.040	 0.136	 0.146	
	 0.073	 0.040	 0.136	 0.146	
	 0.073	 0.040	 0.136	 0.146	
	 0.073	 0.040	 0.136	 0.146	
	 0.073	 0.040	 0.136	 0.146	
    299	      MEANSQUARE ERROR = 0.0020


	 0.073	 0.040	 0.136	 0.146	
	 0.073	 0.040	 0.136	 0.146	
	 0.073	 0.040	 0.136	 0.146	
	 0.073	 0.040	 0.136	 0.146	
	 0.073	 0.040	 0.136	 0.146	
    300	      MEANSQUARE ERROR = 0.0020


	 0.073	 0.040	 0.136	 0.146	
	 0.073	 0.040	 0.136	 0.146	
	 0.073	 0.040	 0.136	 0.146	
	 0.073	 0.040	 0.136	 0.146	
	 0.073	 0.040	 0.136	 0.146	
    301	      MEANSQUARE ERROR = 0.0020


	 0.073	 0.040	 0.136	 0.146	
	 0.073	 0.040	 0.136	 0.146	
	 0.073	 0.040	 0.136	 0.146	
	 0.073	 0.040	 0.136	 0.146	
	 0.073	 0.040	 0.136	 0.146	
    302	      MEANSQUARE ERROR = 0.0020


	 0.073	 0.040	 0.136	 0.146	
	 0.073	 0.040	 0.136	 0.146	
	 0.073	 0.040	 0.136	 0.146	
	 0.073	 0.040	 0.136	 0.146	
	 0.073	 0.040	 0.136	 0.146	
    303	      MEANSQUARE ERROR = 0.0020


	 0.073	 0.040	 0.136	 0.146	
	 0.073	 0.040	 0.136	 0.146	
	 0.073	 0.040	 0.136	 0.146	
	 0.073	 0.040	 0.136	 0.146	
	 0.073	 0.040	 0.136	 0.146	
    304	      MEANSQUARE ERROR = 0.0020


	 0.073	 0.040	 0.136	 0.146	
	 0.073	 0.040	 0.136	 0.146	
	 0.073	 0.040	 0.136	 0.146	
	 0.073	 0.040	 0.136	 0.146	
	 0.073	 0.040	 0.136	 0.146	
    305	      MEANSQUARE ERROR = 0.0020


	 0.073	 0.040	 0.136	 0.146	
	 0.073	 0.040	 0.136	 0.146	
	 0.073	 0.040	 0.136	 0.146	
	 0.073	 0.040	 0.136	 0.146	
	 0.073	 0.040	 0.136	 0.146	
    306	      MEANSQUARE ERROR = 0.0020


	 0.073	 0.040	 0.136	 0.146	
	 0.073	 0.040	 0.136	 0.146	
	 0.073	 0.040	 0.136	 0.146	
	 0.073	 0.040	 0.136	 0.146	
	 0.073	 0.040	 0.136	 0.146	
    307	      MEANSQUARE ERROR = 0.0020


	 0.073	 0.040	 0.136	 0.146	
	 0.073	 0.040	 0.136	 0.146	
	 0.073	 0.040	 0.136	 0.146	
	 0.073	 0.040	 0.136	 0.146	
	 0.073	 0.040	 0.136	 0.146	
    308	      MEANSQUARE ERROR = 0.0020


	 0.073	 0.040	 0.136	 0.146	
	 0.073	 0.040	 0.136	 0.146	
	 0.073	 0.040	 0.136	 0.146	
	 0.073	 0.040	 0.136	 0.146	
	 0.073	 0.040	 0.136	 0.146	
    309	      MEANSQUARE ERROR = 0.0020


	 0.073	 0.040	 0.136	 0.146	
	 0.073	 0.040	 0.136	 0.146	
	 0.073	 0.040	 0.136	 0.146	
	 0.073	 0.040	 0.136	 0.146	
	 0.073	 0.040	 0.136	 0.146	
    310	      MEANSQUARE ERROR = 0.0020


	 0.073	 0.040	 0.136	 0.146	
	 0.073	 0.040	 0.136	 0.146	
	 0.073	 0.040	 0.136	 0.146	
	 0.073	 0.040	 0.136	 0.146	
	 0.073	 0.040	 0.136	 0.146	
    311	      MEANSQUARE ERROR = 0.0020


	 0.073	 0.040	 0.136	 0.146	
	 0.073	 0.040	 0.136	 0.146	
	 0.073	 0.040	 0.136	 0.146	
	 0.073	 0.040	 0.136	 0.146	
	 0.073	 0.040	 0.136	 0.146	
    312	      MEANSQUARE ERROR = 0.0020


	 0.073	 0.040	 0.136	 0.146	
	 0.073	 0.040	 0.136	 0.146	
	 0.073	 0.040	 0.136	 0.146	
	 0.073	 0.040	 0.136	 0.146	
	 0.073	 0.040	 0.136	 0.146	
    313	      MEANSQUARE ERROR = 0.0020


	 0.073	 0.040	 0.136	 0.146	
	 0.073	 0.040	 0.136	 0.146	
	 0.073	 0.040	 0.136	 0.146	
	 0.073	 0.040	 0.136	 0.146	
	 0.073	 0.040	 0.136	 0.146	
    314	      MEANSQUARE ERROR = 0.0020


	 0.073	 0.040	 0.136	 0.146	
	 0.073	 0.040	 0.136	 0.146	
	 0.073	 0.040	 0.136	 0.146	
	 0.073	 0.040	 0.136	 0.146	
	 0.073	 0.040	 0.136	 0.146	
    315	      MEANSQUARE ERROR = 0.0020


	 0.073	 0.040	 0.136	 0.146	
	 0.073	 0.040	 0.136	 0.146	
	 0.073	 0.040	 0.136	 0.146	
	 0.073	 0.040	 0.136	 0.146	
	 0.073	 0.040	 0.136	 0.146	
    316	      MEANSQUARE ERROR = 0.0020


	 0.073	 0.040	 0.136	 0.146	
	 0.073	 0.040	 0.136	 0.146	
	 0.073	 0.040	 0.136	 0.146	
	 0.073	 0.040	 0.136	 0.146	
	 0.073	 0.040	 0.136	 0.146	
    317	      MEANSQUARE ERROR = 0.0020


	 0.073	 0.040	 0.136	 0.146	
	 0.073	 0.040	 0.136	 0.146	
	 0.073	 0.040	 0.136	 0.146	
	 0.073	 0.040	 0.136	 0.146	
	 0.073	 0.040	 0.136	 0.146	
    318	      MEANSQUARE ERROR = 0.0020


	 0.073	 0.040	 0.136	 0.146	
	 0.073	 0.040	 0.136	 0.146	
	 0.073	 0.040	 0.136	 0.146	
	 0.073	 0.040	 0.136	 0.146	
	 0.073	 0.040	 0.136	 0.146	
    319	      MEANSQUARE ERROR = 0.0020


	 0.073	 0.040	 0.136	 0.146	
	 0.073	 0.040	 0.136	 0.146	
	 0.073	 0.040	 0.136	 0.146	
	 0.073	 0.040	 0.136	 0.146	
	 0.073	 0.040	 0.136	 0.146	
    320	      MEANSQUARE ERROR = 0.0020


	 0.073	 0.040	 0.136	 0.146	
	 0.073	 0.040	 0.136	 0.146	
	 0.073	 0.040	 0.136	 0.146	
	 0.073	 0.040	 0.136	 0.146	
	 0.073	 0.040	 0.136	 0.146	
    321	      MEANSQUARE ERROR = 0.0020


	 0.073	 0.040	 0.136	 0.146	
	 0.073	 0.040	 0.136	 0.146	
	 0.073	 0.040	 0.136	 0.146	
	 0.073	 0.040	 0.136	 0.146	
	 0.073	 0.040	 0.136	 0.146	
    322	      MEANSQUARE ERROR = 0.0020


	 0.073	 0.040	 0.136	 0.146	
	 0.073	 0.040	 0.136	 0.146	
	 0.073	 0.040	 0.136	 0.146	
	 0.073	 0.040	 0.136	 0.146	
	 0.073	 0.040	 0.136	 0.146	
    323	      MEANSQUARE ERROR = 0.0020


	 0.073	 0.040	 0.136	 0.146	
	 0.073	 0.040	 0.136	 0.146	
	 0.073	 0.040	 0.136	 0.146	
	 0.073	 0.040	 0.136	 0.146	
	 0.073	 0.040	 0.136	 0.146	
    324	      MEANSQUARE ERROR = 0.0020


	 0.073	 0.040	 0.136	 0.146	
	 0.073	 0.040	 0.136	 0.146	
	 0.073	 0.040	 0.136	 0.146	
	 0.073	 0.040	 0.136	 0.146	
	 0.073	 0.040	 0.136	 0.146	
    325	      MEANSQUARE ERROR = 0.0020


	 0.073	 0.040	 0.136	 0.146	
	 0.073	 0.040	 0.136	 0.146	
	 0.073	 0.040	 0.136	 0.146	
	 0.073	 0.040	 0.136	 0.146	
	 0.073	 0.040	 0.136	 0.146	
    326	      MEANSQUARE ERROR = 0.0020


	 0.073	 0.040	 0.136	 0.146	
	 0.073	 0.040	 0.136	 0.146	
	 0.073	 0.040	 0.136	 0.146	
	 0.073	 0.040	 0.136	 0.146	
	 0.073	 0.040	 0.136	 0.146	
    327	      MEANSQUARE ERROR = 0.0020


	 0.073	 0.040	 0.136	 0.146	
	 0.073	 0.040	 0.136	 0.146	
	 0.073	 0.040	 0.136	 0.146	
	 0.073	 0.040	 0.136	 0.146	
	 0.073	 0.040	 0.136	 0.146	
    328	      MEANSQUARE ERROR = 0.0020


	 0.073	 0.040	 0.136	 0.146	
	 0.073	 0.040	 0.136	 0.146	
	 0.073	 0.040	 0.136	 0.146	
	 0.073	 0.040	 0.136	 0.146	
	 0.073	 0.040	 0.136	 0.146	
    329	      MEANSQUARE ERROR = 0.0020


	 0.073	 0.040	 0.136	 0.146	
	 0.073	 0.040	 0.136	 0.146	
	 0.073	 0.040	 0.136	 0.146	
	 0.073	 0.040	 0.136	 0.146	
	 0.073	 0.040	 0.136	 0.146	
    330	      MEANSQUARE ERROR = 0.0020


	 0.073	 0.040	 0.136	 0.146	
	 0.073	 0.040	 0.136	 0.146	
	 0.073	 0.040	 0.136	 0.146	
	 0.073	 0.040	 0.136	 0.146	
	 0.073	 0.040	 0.136	 0.146	
    331	      MEANSQUARE ERROR = 0.0020


	 0.073	 0.040	 0.136	 0.146	
	 0.073	 0.040	 0.136	 0.146	
	 0.073	 0.040	 0.136	 0.146	
	 0.073	 0.040	 0.136	 0.146	
	 0.073	 0.040	 0.136	 0.146	
    332	      MEANSQUARE ERROR = 0.0020


	 0.073	 0.040	 0.136	 0.146	
	 0.073	 0.040	 0.136	 0.146	
	 0.073	 0.040	 0.136	 0.146	
	 0.073	 0.040	 0.136	 0.146	
	 0.073	 0.040	 0.136	 0.146	
    333	      MEANSQUARE ERROR = 0.0020


	 0.073	 0.040	 0.136	 0.146	
	 0.073	 0.040	 0.136	 0.146	
	 0.073	 0.040	 0.136	 0.146	
	 0.073	 0.040	 0.136	 0.146	
	 0.073	 0.040	 0.136	 0.146	
    334	      MEANSQUARE ERROR = 0.0020


	 0.073	 0.040	 0.136	 0.146	
	 0.073	 0.040	 0.136	 0.146	
	 0.073	 0.040	 0.136	 0.146	
	 0.073	 0.040	 0.136	 0.146	
	 0.073	 0.040	 0.136	 0.146	
    335	      MEANSQUARE ERROR = 0.0020


	 0.073	 0.040	 0.136	 0.146	
	 0.073	 0.040	 0.136	 0.146	
	 0.073	 0.040	 0.136	 0.146	
	 0.073	 0.040	 0.136	 0.146	
	 0.073	 0.040	 0.136	 0.146	
    336	      MEANSQUARE ERROR = 0.0020


	 0.073	 0.040	 0.136	 0.146	
	 0.073	 0.040	 0.136	 0.146	
	 0.073	 0.040	 0.136	 0.146	
	 0.073	 0.040	 0.136	 0.146	
	 0.073	 0.040	 0.136	 0.146	
    337	      MEANSQUARE ERROR = 0.0020


	 0.073	 0.040	 0.136	 0.146	
	 0.073	 0.040	 0.136	 0.146	
	 0.073	 0.040	 0.136	 0.146	
	 0.073	 0.040	 0.136	 0.146	
	 0.073	 0.040	 0.136	 0.146	
    338	      MEANSQUARE ERROR = 0.0020


	 0.073	 0.040	 0.136	 0.146	
	 0.073	 0.040	 0.136	 0.146	
	 0.073	 0.040	 0.136	 0.146	
	 0.073	 0.040	 0.136	 0.146	
	 0.073	 0.040	 0.136	 0.146	
    339	      MEANSQUARE ERROR = 0.0020


	 0.073	 0.040	 0.136	 0.146	
	 0.073	 0.040	 0.136	 0.146	
	 0.073	 0.040	 0.136	 0.146	
	 0.073	 0.040	 0.136	 0.146	
	 0.073	 0.040	 0.136	 0.146	
    340	      MEANSQUARE ERROR = 0.0020


	 0.073	 0.040	 0.136	 0.146	
	 0.073	 0.040	 0.136	 0.146	
	 0.073	 0.040	 0.136	 0.146	
	 0.073	 0.040	 0.136	 0.146	
	 0.073	 0.040	 0.136	 0.146	
    341	      MEANSQUARE ERROR = 0.0020


	 0.073	 0.040	 0.136	 0.146	
	 0.073	 0.040	 0.136	 0.146	
	 0.073	 0.040	 0.136	 0.146	
	 0.073	 0.040	 0.136	 0.146	
	 0.073	 0.040	 0.136	 0.146	
    342	      MEANSQUARE ERROR = 0.0020


	 0.073	 0.040	 0.136	 0.146	
	 0.073	 0.040	 0.136	 0.146	
	 0.073	 0.040	 0.136	 0.146	
	 0.073	 0.040	 0.136	 0.146	
	 0.073	 0.040	 0.136	 0.146	
    343	      MEANSQUARE ERROR = 0.0020


	 0.073	 0.040	 0.136	 0.146	
	 0.073	 0.040	 0.136	 0.146	
	 0.073	 0.040	 0.136	 0.146	
	 0.073	 0.040	 0.136	 0.146	
	 0.073	 0.040	 0.136	 0.146	
    344	      MEANSQUARE ERROR = 0.0020


	 0.073	 0.040	 0.136	 0.146	
	 0.073	 0.040	 0.136	 0.146	
	 0.073	 0.040	 0.136	 0.146	
	 0.073	 0.040	 0.136	 0.146	
	 0.073	 0.040	 0.136	 0.146	
    345	      MEANSQUARE ERROR = 0.0020


	 0.073	 0.040	 0.136	 0.146	
	 0.073	 0.040	 0.136	 0.146	
	 0.073	 0.040	 0.136	 0.146	
	 0.073	 0.040	 0.136	 0.146	
	 0.073	 0.040	 0.136	 0.146	
    346	      MEANSQUARE ERROR = 0.0020


	 0.073	 0.040	 0.136	 0.146	
	 0.073	 0.040	 0.136	 0.146	
	 0.073	 0.040	 0.136	 0.146	
	 0.073	 0.040	 0.136	 0.146	
	 0.073	 0.040	 0.136	 0.146	
    347	      MEANSQUARE ERROR = 0.0020


	 0.073	 0.040	 0.136	 0.146	
	 0.073	 0.040	 0.136	 0.146	
	 0.073	 0.040	 0.136	 0.146	
	 0.073	 0.040	 0.136	 0.146	
	 0.073	 0.040	 0.136	 0.146	
    348	      MEANSQUARE ERROR = 0.0020


	 0.073	 0.040	 0.136	 0.146	
	 0.073	 0.040	 0.136	 0.146	
	 0.073	 0.040	 0.136	 0.146	
	 0.073	 0.040	 0.136	 0.146	
	 0.073	 0.040	 0.136	 0.146	
    349	      MEANSQUARE ERROR = 0.0020


	 0.073	 0.040	 0.136	 0.146	
	 0.073	 0.040	 0.136	 0.146	
	 0.073	 0.040	 0.136	 0.146	
	 0.073	 0.040	 0.136	 0.146	
	 0.073	 0.040	 0.136	 0.146	
    350	      MEANSQUARE ERROR = 0.0020


	 0.073	 0.040	 0.136	 0.146	
	 0.073	 0.040	 0.136	 0.146	
	 0.073	 0.040	 0.136	 0.146	
	 0.073	 0.040	 0.136	 0.146	
	 0.073	 0.040	 0.136	 0.146	
    351	      MEANSQUARE ERROR = 0.0020


	 0.073	 0.040	 0.136	 0.146	
	 0.073	 0.040	 0.136	 0.146	
	 0.073	 0.040	 0.136	 0.146	
	 0.073	 0.040	 0.136	 0.146	
	 0.073	 0.040	 0.136	 0.146	
    352	      MEANSQUARE ERROR = 0.0020


	 0.073	 0.040	 0.136	 0.146	
	 0.073	 0.040	 0.136	 0.146	
	 0.073	 0.040	 0.136	 0.146	
	 0.073	 0.040	 0.136	 0.146	
	 0.073	 0.040	 0.136	 0.146	
    353	      MEANSQUARE ERROR = 0.0020


	 0.073	 0.040	 0.136	 0.146	
	 0.073	 0.040	 0.136	 0.146	
	 0.073	 0.040	 0.136	 0.146	
	 0.073	 0.040	 0.136	 0.146	
	 0.073	 0.040	 0.136	 0.146	
    354	      MEANSQUARE ERROR = 0.0020


	 0.073	 0.040	 0.136	 0.146	
	 0.073	 0.040	 0.136	 0.146	
	 0.073	 0.040	 0.136	 0.146	
	 0.073	 0.040	 0.136	 0.146	
	 0.073	 0.040	 0.136	 0.146	
    355	      MEANSQUARE ERROR = 0.0020


	 0.073	 0.040	 0.136	 0.146	
	 0.073	 0.040	 0.136	 0.146	
	 0.073	 0.040	 0.136	 0.146	
	 0.073	 0.040	 0.136	 0.146	
	 0.073	 0.040	 0.136	 0.146	
    356	      MEANSQUARE ERROR = 0.0020


	 0.073	 0.040	 0.136	 0.146	
	 0.073	 0.040	 0.136	 0.146	
	 0.073	 0.040	 0.136	 0.146	
	 0.073	 0.040	 0.136	 0.146	
	 0.073	 0.040	 0.136	 0.146	
    357	      MEANSQUARE ERROR = 0.0020


	 0.073	 0.040	 0.136	 0.146	
	 0.073	 0.040	 0.136	 0.146	
	 0.073	 0.040	 0.136	 0.146	
	 0.073	 0.040	 0.136	 0.146	
	 0.073	 0.040	 0.136	 0.146	
    358	      MEANSQUARE ERROR = 0.0020


	 0.073	 0.040	 0.136	 0.146	
	 0.073	 0.040	 0.136	 0.146	
	 0.073	 0.040	 0.136	 0.146	
	 0.073	 0.040	 0.136	 0.146	
	 0.073	 0.040	 0.136	 0.146	
    359	      MEANSQUARE ERROR = 0.0020


	 0.073	 0.040	 0.136	 0.146	
	 0.073	 0.040	 0.136	 0.146	
	 0.073	 0.040	 0.136	 0.146	
	 0.073	 0.040	 0.136	 0.146	
	 0.073	 0.040	 0.136	 0.146	
    360	      MEANSQUARE ERROR = 0.0020


	 0.073	 0.040	 0.136	 0.146	
	 0.073	 0.040	 0.136	 0.146	
	 0.073	 0.040	 0.136	 0.146	
	 0.073	 0.040	 0.136	 0.146	
	 0.073	 0.040	 0.136	 0.146	
    361	      MEANSQUARE ERROR = 0.0020


	 0.073	 0.040	 0.136	 0.146	
	 0.073	 0.040	 0.136	 0.146	
	 0.073	 0.040	 0.136	 0.146	
	 0.073	 0.040	 0.136	 0.146	
	 0.073	 0.040	 0.136	 0.146	
    362	      MEANSQUARE ERROR = 0.0020


	 0.073	 0.040	 0.136	 0.146	
	 0.073	 0.040	 0.136	 0.146	
	 0.073	 0.040	 0.136	 0.146	
	 0.073	 0.040	 0.136	 0.146	
	 0.073	 0.040	 0.136	 0.146	
    363	      MEANSQUARE ERROR = 0.0020


	 0.073	 0.040	 0.136	 0.146	
	 0.073	 0.040	 0.136	 0.146	
	 0.073	 0.040	 0.136	 0.146	
	 0.073	 0.040	 0.136	 0.146	
	 0.073	 0.040	 0.136	 0.146	
    364	      MEANSQUARE ERROR = 0.0020


	 0.073	 0.040	 0.136	 0.146	
	 0.073	 0.040	 0.136	 0.146	
	 0.073	 0.040	 0.136	 0.146	
	 0.073	 0.040	 0.136	 0.146	
	 0.073	 0.040	 0.136	 0.146	
    365	      MEANSQUARE ERROR = 0.0020


	 0.073	 0.040	 0.136	 0.146	
	 0.073	 0.040	 0.136	 0.146	
	 0.073	 0.040	 0.136	 0.146	
	 0.073	 0.040	 0.136	 0.146	
	 0.073	 0.040	 0.136	 0.146	
    366	      MEANSQUARE ERROR = 0.0020


	 0.073	 0.040	 0.136	 0.146	
	 0.073	 0.040	 0.136	 0.146	
	 0.073	 0.040	 0.136	 0.146	
	 0.073	 0.040	 0.136	 0.146	
	 0.073	 0.040	 0.136	 0.146	
    367	      MEANSQUARE ERROR = 0.0020


	 0.073	 0.040	 0.136	 0.146	
	 0.073	 0.040	 0.136	 0.146	
	 0.073	 0.040	 0.136	 0.146	
	 0.073	 0.040	 0.136	 0.146	
	 0.073	 0.040	 0.136	 0.146	
    368	      MEANSQUARE ERROR = 0.0020


	 0.073	 0.040	 0.136	 0.146	
	 0.073	 0.040	 0.136	 0.146	
	 0.073	 0.040	 0.136	 0.146	
	 0.073	 0.040	 0.136	 0.146	
	 0.073	 0.040	 0.136	 0.146	
    369	      MEANSQUARE ERROR = 0.0020


	 0.073	 0.040	 0.136	 0.146	
	 0.073	 0.040	 0.136	 0.146	
	 0.073	 0.040	 0.136	 0.146	
	 0.073	 0.040	 0.136	 0.146	
	 0.073	 0.040	 0.136	 0.146	
    370	      MEANSQUARE ERROR = 0.0020


	 0.073	 0.040	 0.136	 0.146	
	 0.073	 0.040	 0.136	 0.146	
	 0.073	 0.040	 0.136	 0.146	
	 0.073	 0.040	 0.136	 0.146	
	 0.073	 0.040	 0.136	 0.146	
    371	      MEANSQUARE ERROR = 0.0020


	 0.073	 0.040	 0.136	 0.146	
	 0.073	 0.040	 0.136	 0.146	
	 0.073	 0.040	 0.136	 0.146	
	 0.073	 0.040	 0.136	 0.146	
	 0.073	 0.040	 0.136	 0.146	
    372	      MEANSQUARE ERROR = 0.0020


	 0.073	 0.040	 0.136	 0.146	
	 0.073	 0.040	 0.136	 0.146	
	 0.073	 0.040	 0.136	 0.146	
	 0.073	 0.040	 0.136	 0.146	
	 0.073	 0.040	 0.136	 0.146	
    373	      MEANSQUARE ERROR = 0.0020


	 0.073	 0.040	 0.136	 0.146	
	 0.073	 0.040	 0.136	 0.146	
	 0.073	 0.040	 0.136	 0.146	
	 0.073	 0.040	 0.136	 0.146	
	 0.073	 0.040	 0.136	 0.146	
    374	      MEANSQUARE ERROR = 0.0020


	 0.073	 0.040	 0.136	 0.146	
	 0.073	 0.040	 0.136	 0.146	
	 0.073	 0.040	 0.136	 0.146	
	 0.073	 0.040	 0.136	 0.146	
	 0.073	 0.040	 0.136	 0.146	
    375	      MEANSQUARE ERROR = 0.0020


	 0.073	 0.040	 0.136	 0.146	
	 0.073	 0.040	 0.136	 0.146	
	 0.073	 0.040	 0.136	 0.146	
	 0.073	 0.040	 0.136	 0.146	
	 0.073	 0.040	 0.136	 0.146	
    376	      MEANSQUARE ERROR = 0.0020


	 0.073	 0.040	 0.136	 0.146	
	 0.073	 0.040	 0.136	 0.146	
	 0.073	 0.040	 0.136	 0.146	
	 0.073	 0.040	 0.136	 0.146	
	 0.073	 0.040	 0.136	 0.146	
    377	      MEANSQUARE ERROR = 0.0020


	 0.073	 0.040	 0.136	 0.146	
	 0.073	 0.040	 0.136	 0.146	
	 0.073	 0.040	 0.136	 0.146	
	 0.073	 0.040	 0.136	 0.146	
	 0.073	 0.040	 0.136	 0.146	
    378	      MEANSQUARE ERROR = 0.0020


	 0.073	 0.040	 0.136	 0.146	
	 0.073	 0.040	 0.136	 0.146	
	 0.073	 0.040	 0.136	 0.146	
	 0.073	 0.040	 0.136	 0.146	
	 0.073	 0.040	 0.136	 0.146	
    379	      MEANSQUARE ERROR = 0.0020


	 0.073	 0.040	 0.136	 0.146	
	 0.073	 0.040	 0.136	 0.146	
	 0.073	 0.040	 0.136	 0.146	
	 0.073	 0.040	 0.136	 0.146	
	 0.073	 0.040	 0.136	 0.146	
    380	      MEANSQUARE ERROR = 0.0020


	 0.073	 0.040	 0.136	 0.146	
	 0.073	 0.040	 0.136	 0.146	
	 0.073	 0.040	 0.136	 0.146	
	 0.073	 0.040	 0.136	 0.146	
	 0.073	 0.040	 0.136	 0.146	
    381	      MEANSQUARE ERROR = 0.0020


	 0.073	 0.040	 0.136	 0.146	
	 0.073	 0.040	 0.136	 0.146	
	 0.073	 0.040	 0.136	 0.146	
	 0.073	 0.040	 0.136	 0.146	
	 0.073	 0.040	 0.136	 0.146	
    382	      MEANSQUARE ERROR = 0.0020


	 0.073	 0.040	 0.136	 0.146	
	 0.073	 0.040	 0.136	 0.146	
	 0.073	 0.040	 0.136	 0.146	
	 0.073	 0.040	 0.136	 0.146	
	 0.073	 0.040	 0.136	 0.146	
    383	      MEANSQUARE ERROR = 0.0020


	 0.073	 0.040	 0.136	 0.146	
	 0.073	 0.040	 0.136	 0.146	
	 0.073	 0.040	 0.136	 0.146	
	 0.073	 0.040	 0.136	 0.146	
	 0.073	 0.040	 0.136	 0.146	
    384	      MEANSQUARE ERROR = 0.0020


	 0.073	 0.040	 0.136	 0.146	
	 0.073	 0.040	 0.136	 0.146	
	 0.073	 0.040	 0.136	 0.146	
	 0.073	 0.040	 0.136	 0.146	
	 0.073	 0.040	 0.136	 0.146	
    385	      MEANSQUARE ERROR = 0.0020


	 0.073	 0.040	 0.136	 0.146	
	 0.073	 0.040	 0.136	 0.146	
	 0.073	 0.040	 0.136	 0.146	
	 0.073	 0.040	 0.136	 0.146	
	 0.073	 0.040	 0.136	 0.146	
    386	      MEANSQUARE ERROR = 0.0020


	 0.073	 0.040	 0.136	 0.146	
	 0.073	 0.040	 0.136	 0.146	
	 0.073	 0.040	 0.136	 0.146	
	 0.073	 0.040	 0.136	 0.146	
	 0.073	 0.040	 0.136	 0.146	
    387	      MEANSQUARE ERROR = 0.0020


	 0.073	 0.040	 0.136	 0.146	
	 0.073	 0.040	 0.136	 0.146	
	 0.073	 0.040	 0.136	 0.146	
	 0.073	 0.040	 0.136	 0.146	
	 0.073	 0.040	 0.136	 0.146	
    388	      MEANSQUARE ERROR = 0.0020


	 0.073	 0.040	 0.136	 0.146	
	 0.073	 0.040	 0.136	 0.146	
	 0.073	 0.040	 0.136	 0.146	
	 0.073	 0.040	 0.136	 0.146	
	 0.073	 0.040	 0.136	 0.146	
    389	      MEANSQUARE ERROR = 0.0020


	 0.073	 0.040	 0.136	 0.146	
	 0.073	 0.040	 0.136	 0.146	
	 0.073	 0.040	 0.136	 0.146	
	 0.073	 0.040	 0.136	 0.146	
	 0.073	 0.040	 0.136	 0.146	
    390	      MEANSQUARE ERROR = 0.0020


	 0.073	 0.040	 0.136	 0.146	
	 0.073	 0.040	 0.136	 0.146	
	 0.073	 0.040	 0.136	 0.146	
	 0.073	 0.040	 0.136	 0.146	
	 0.073	 0.040	 0.136	 0.146	
    391	      MEANSQUARE ERROR = 0.0020


	 0.073	 0.040	 0.136	 0.146	
	 0.073	 0.040	 0.136	 0.146	
	 0.073	 0.040	 0.136	 0.146	
	 0.073	 0.040	 0.136	 0.146	
	 0.073	 0.040	 0.136	 0.146	
    392	      MEANSQUARE ERROR = 0.0020


	 0.073	 0.040	 0.136	 0.146	
	 0.073	 0.040	 0.136	 0.146	
	 0.073	 0.040	 0.136	 0.146	
	 0.073	 0.040	 0.136	 0.146	
	 0.073	 0.040	 0.136	 0.146	
    393	      MEANSQUARE ERROR = 0.0020


	 0.073	 0.040	 0.136	 0.146	
	 0.073	 0.040	 0.136	 0.146	
	 0.073	 0.040	 0.136	 0.146	
	 0.073	 0.040	 0.136	 0.146	
	 0.073	 0.040	 0.136	 0.146	
    394	      MEANSQUARE ERROR = 0.0020


	 0.073	 0.040	 0.136	 0.146	
	 0.073	 0.040	 0.136	 0.146	
	 0.073	 0.040	 0.136	 0.146	
	 0.073	 0.040	 0.136	 0.146	
	 0.073	 0.040	 0.136	 0.146	
    395	      MEANSQUARE ERROR = 0.0020


	 0.073	 0.040	 0.136	 0.146	
	 0.073	 0.040	 0.136	 0.146	
	 0.073	 0.040	 0.136	 0.146	
	 0.073	 0.040	 0.136	 0.146	
	 0.073	 0.040	 0.136	 0.146	
    396	      MEANSQUARE ERROR = 0.0020


	 0.073	 0.040	 0.136	 0.146	
	 0.073	 0.040	 0.136	 0.146	
	 0.073	 0.040	 0.136	 0.146	
	 0.073	 0.040	 0.136	 0.146	
	 0.073	 0.040	 0.136	 0.146	
    397	      MEANSQUARE ERROR = 0.0020


	 0.073	 0.040	 0.136	 0.146	
	 0.073	 0.040	 0.136	 0.146	
	 0.073	 0.040	 0.136	 0.146	
	 0.073	 0.040	 0.136	 0.146	
	 0.073	 0.040	 0.136	 0.146	
    398	      MEANSQUARE ERROR = 0.0020


	 0.073	 0.040	 0.136	 0.146	
	 0.073	 0.040	 0.136	 0.146	
	 0.073	 0.040	 0.136	 0.146	
	 0.073	 0.040	 0.136	 0.146	
	 0.073	 0.040	 0.136	 0.146	
    399	      MEANSQUARE ERROR = 0.0020


	 0.073	 0.040	 0.136	 0.146	
	 0.073	 0.040	 0.136	 0.146	
	 0.073	 0.040	 0.136	 0.146	
	 0.073	 0.040	 0.136	 0.146	
	 0.073	 0.040	 0.136	 0.146	
    400	      MEANSQUARE ERROR = 0.0020

